B2100510.1 -20.000000 173.499962 -13.416636 179.999998
B2100510.2 -18.599945 170.000002 -10.043465 177.924314
B2100510.3 -13.416636 176.001526 -10.000000 179.999998
B2100510.4 -10.914927 170.000002 -10.000000 172.367591
B2100510.5 -10.374946 172.363471 -10.000000 176.368047
B2100540.1 -20.000000 -176.583354 -11.999951 -170.000002
B2100540.2 -19.544292 -180.000002 -10.000000 -174.634929
B2100540.3 -20.000000 -180.000002 -13.416636 -176.583354
B2100540.4 -11.999951 -174.634929 -10.000000 -170.000002
B1800510.1 -30.000000 170.000002 -27.433372 176.500038
B1800510.2 -30.000000 176.500038 -25.633316 179.999998
B1800510.3 -20.166654 173.499962 -20.000000 179.999998
B1800540.1 -26.000002 -177.566645 -20.000000 -170.000002
B1800540.2 -30.000000 -180.000002 -25.633316 -174.000002
B1800540.3 -20.166654 -180.000002 -20.000000 -176.583354
B1800480.1 -23.468701 160.133976 -20.000000 169.102924
B1800480.2 -30.000000 167.633327 -27.433372 170.000002
B1800480.3 -22.000042 160.000001 -20.000000 160.133976
B2100480.1 -18.599945 163.510034 -10.839732 170.000002
B2100480.2 -20.000000 160.000001 -10.000000 163.510034
B2100480.3 -20.000000 160.133976 -17.714540 169.102924
B2100480.4 -10.914927 165.000078 -10.000000 170.000002
B2100480.5 -10.839732 163.510034 -10.000000 165.833373
B1800570.1 -22.099940 -168.099948 -20.000000 -160.000001
B1800570.2 -26.000002 -170.000002 -20.000000 -168.099948
B2100570.1 -20.000000 -168.156254 -13.100041 -160.000001
B2100570.2 -13.577700 -170.000002 -10.000000 -161.866638
B2100570.3 -20.000000 -170.000002 -11.999951 -168.099948
B2100570.4 -13.653195 -161.866638 -10.000000 -160.000001
B2400480.1 -10.000000 160.000001 0.000000 165.833373
B2400480.2 -10.000000 165.464257 0.000000 170.000002
B2400480.3 -10.000000 160.000001 -6.613037 163.510034
B2400510.1 -10.000000 170.000002 0.000000 174.510109
B2400510.2 -10.000000 172.357367 0.000000 179.999998
B2400510.3 -10.000000 176.001526 -5.502750 179.999998
B2400540.1 -9.432205 -178.990007 0.000000 -170.500040
B2400540.2 -10.000000 -180.000002 -5.502750 -174.634929
B2400540.3 -10.000000 -175.199971 -7.299948 -170.000002
B2400540.4 -5.502750 -180.000002 0.000000 -178.990007
B2400540.5 -2.249986 -171.266653 0.000000 -170.000002
B2400570.1 -3.466672 -170.000002 0.000000 -160.000001
B2400570.2 -10.000000 -170.000002 -7.299948 -161.866638
B2400570.3 -10.000000 -161.866638 -2.500072 -160.000001
B1800450.1 -26.252147 150.000001 -20.332655 158.079196
B1800450.2 -30.000000 151.002061 -25.420226 157.411461
B1800450.3 -22.666710 150.000001 -20.000000 155.010454
B1800450.4 -22.000042 155.010454 -20.000000 160.000001
B2100450.1 -20.000000 155.010454 -10.000000 160.000001
B2100450.2 -20.000000 150.000001 -10.000000 155.010454
B2100450.3 -17.713636 150.000001 -10.000000 151.009996
B2400450.1 -8.500056 150.000001 0.000000 158.000001
B2400450.2 -10.000000 154.548563 -6.351688 160.000001
B2400450.3 -6.613037 158.000001 0.000000 160.000001
B2400450.4 -10.000000 151.009996 -7.069111 155.010454
B2400450.5 -10.000000 150.000001 -7.000309 151.009996
B1800600.1 -22.099940 -160.000001 -20.000000 -157.066607
B2100600.1 -18.366629 -160.000001 -10.000000 -150.902267
B2100600.2 -20.000000 -160.000001 -13.653195 -157.066607
B2400600.1 -10.000000 -160.000001 -2.499306 -150.902267
B2400600.2 -2.500072 -160.000001 0.000000 -156.666668
B1500450.1 -40.000000 150.000001 -32.816642 154.666668
B1500450.2 -33.915713 151.002061 -30.000000 157.411461
B1500480.1 -38.600034 167.633327 -30.000000 170.000002
B1500480.2 -40.000000 160.000001 -37.733345 169.366600
B1500480.3 -40.000000 167.571833 -38.600034 170.000002
B1500510.1 -40.000000 170.633403 -32.499993 177.232776
B1500510.2 -38.066673 176.500038 -30.000000 179.999998
B1500510.3 -38.600034 170.000002 -30.000000 176.500038
B1500510.4 -40.000000 176.449530 -38.066673 179.999998
B1500510.5 -40.000000 170.000002 -38.600034 170.650036
B1500540.1 -38.066673 -180.000002 -30.000000 -174.000002
B1500540.2 -40.000000 -180.000002 -37.500066 -170.766615
B1500420.1 -40.000000 143.501336 -37.333351 149.935303
B1500420.2 -40.000000 140.000001 -36.488372 145.229116
B1500420.3 -40.000000 148.083316 -32.816642 150.000001
B1800420.1 -22.601324 141.499963 -20.000000 148.000001
B1800420.2 -22.666710 148.000001 -20.000000 150.000001
B1800420.3 -25.287768 148.332343 -22.667333 150.000001
B2100420.1 -20.000000 141.499963 -10.000000 150.000001
B2100420.2 -18.999960 140.000001 -10.000000 143.499963
B2100420.3 -20.000000 148.000001 -17.713636 150.000001
B2400420.1 -7.000309 141.905548 0.000000 150.000001
B2400420.2 -10.000000 143.499963 -7.000309 150.000001
B2400420.3 -10.000000 140.000001 -4.999974 143.499963
B2700420.1 1.041638 144.399940 10.000000 150.000001
B2700420.2 2.711964 140.000001 10.000000 145.918366
B2700420.3 0.000000 141.905548 1.041638 150.000001
B2700420.4 9.549894 145.609065 10.000000 148.654156
B2700450.1 1.041638 150.000001 10.000000 158.919052
B2700450.2 2.999943 157.499963 10.000000 160.000001
B2700450.3 0.000000 150.000001 1.041638 158.000001
B2700450.4 0.000000 158.000001 3.000096 160.000001
B2700480.1 2.999943 160.000001 10.000000 170.000002
B2700480.2 0.000000 160.000001 3.000555 165.833373
B2700480.3 0.000000 165.833373 3.000096 170.000002
B2700510.1 2.999943 170.000002 10.000000 173.534905
B2700510.2 0.000000 173.534905 4.000033 179.999998
B2700510.3 0.000000 170.000002 3.450444 174.510109
B2700540.1 0.000000 -171.266653 6.499980 -170.000002
B2700540.2 0.000000 -178.990007 1.000081 -171.266653
B2700540.3 0.000000 -180.000002 1.351225 -178.990007
B2700570.1 0.000000 -170.000002 6.499980 -160.000001
B2700600.1 0.000000 -160.000001 6.499980 -156.666668
B1500390.1 -39.124389 130.000001 -31.333353 136.927445
B1500390.2 -40.000000 130.000001 -30.995541 140.000001
B1500390.3 -36.499932 135.258260 -32.116608 138.729993
B2100390.1 -18.999960 134.000001 -10.000000 140.000001
B2100390.2 -15.999955 130.000001 -10.000000 134.000001
B2400390.1 -9.074354 130.000001 0.000000 137.997560
B2400390.2 -10.000000 134.000001 -4.999974 140.000001
B2400390.3 -10.000000 130.000001 -8.795274 134.000001
B2700390.1 2.711964 131.049974 10.000000 140.000001
B2700390.2 0.000000 130.000001 2.001849 137.997560
B1500360.1 -39.124389 120.833296 -31.333353 130.000001
B1500360.2 -39.729086 120.000001 -31.999962 122.999925
B1500360.3 -40.000000 120.000001 -39.124389 130.000001
B1500360.4 -31.999962 120.000001 -30.995541 130.000001
B1800360.1 -21.832136 120.000001 -20.000000 123.668728
B1800360.2 -20.833370 123.668728 -20.000000 125.843291
B2100360.1 -15.999955 122.666668 -10.000000 130.000001
B2100360.2 -20.000000 120.000001 -10.000000 125.843291
B2100360.3 -11.583367 120.001222 -10.000000 128.375678
B2100360.4 -20.000000 120.000001 -15.548855 123.668728
B2100360.5 -15.548855 120.000001 -11.121458 120.697186
B2100360.6 -10.045802 120.588694 -10.000000 120.697186
B2400360.1 -10.000000 120.000001 0.000000 129.075152
B2400360.2 -9.094497 128.680401 0.000000 130.000001
B2400360.3 -10.000000 128.249944 -7.916692 130.000001
B2400360.4 -10.000000 120.000001 -8.050047 120.697186
B2400360.5 -10.000000 120.001222 -9.751595 120.588694
B2400360.6 -8.050047 120.000001 -6.862828 120.001222
B2400360.7 -10.000000 120.000001 -9.750990 120.001222
B2400360.8 -0.043404 120.000001 0.000000 120.012361
B2700360.1 0.682331 120.666668 10.000000 128.371558
B2700360.2 0.000000 120.012361 1.652189 129.071795
B2700360.3 1.427582 120.000001 7.594217 120.666668
B2700360.4 7.594217 120.000001 10.000000 121.166706
B2700360.5 0.000000 128.499582 2.001849 130.000001
B2700360.6 0.000000 120.000001 1.528313 120.114291
B1200360.1 -47.535025 120.000001 -40.000000 130.000001
B1200390.1 -47.535025 130.000001 -40.000000 140.000001
B1200420.1 -45.170050 143.499963 -40.000000 150.000001
B1200420.2 -47.535025 140.000001 -40.000000 145.229116
B1200420.3 -40.518906 149.935303 -40.000000 150.000001
B1200450.1 -41.166701 150.000001 -40.000000 154.666668
B1200450.2 -50.000000 158.666668 -48.604693 160.000001
B1200450.3 -45.170050 150.000001 -40.518906 150.083316
B1200480.1 -48.400017 160.000001 -40.000000 167.571833
B1200480.2 -48.933360 165.666744 -40.000000 170.000002
B1200480.3 -50.000000 160.000001 -48.400017 168.033266
B1200480.4 -50.000000 168.033266 -48.933360 170.000002
B1200510.1 -48.933360 170.000002 -40.000000 175.000076
B1200510.2 -49.066666 174.666667 -44.600023 179.999998
B1200510.3 -44.600023 174.666667 -40.000000 179.999998
B1200510.4 -50.000000 170.000002 -48.068585 176.533302
B1200510.5 -41.856577 170.650036 -40.000000 176.449530
B1200510.6 -50.000000 176.533302 -49.066666 179.999998
B1200540.1 -44.600023 -180.000002 -40.000000 -170.766615
B1200540.2 -49.066666 -180.000002 -42.499974 -170.733350
B1200540.3 -50.000000 -180.000002 -49.066666 -174.599986
B3000360.1 10.000000 121.166706 14.839085 128.371558
B3000360.2 15.166709 120.000001 20.000000 123.499963
B3000360.3 10.000000 120.000001 15.166709 121.166706
B3000360.4 18.249928 123.499963 20.000000 125.697110
B3000360.5 19.833262 120.000001 20.000000 123.166706
B3000390.1 10.000000 131.388267 11.799946 140.000001
B3000390.2 11.428964 138.000001 18.308364 140.000001
B3000390.3 18.308364 139.214619 20.000000 140.000001
B3000420.1 10.000000 140.000001 18.308364 150.000001
B3000420.2 17.560005 140.000001 20.000000 150.000001
B3000420.3 10.000000 140.000001 11.736446 145.609065
B3000420.4 10.000000 148.654156 10.058264 150.000001
B3000450.1 10.058264 150.000001 18.308364 152.868697
B3000450.2 17.498757 150.000001 20.000000 154.083316
B3000450.3 10.000000 157.499963 12.297207 160.000001
B3000450.4 10.000000 150.000001 10.118697 157.501031
B3000480.1 10.000000 160.000001 12.297207 170.000002
B3000510.1 10.000000 170.000002 12.297207 173.229572
B3000570.1 18.000042 -166.333259 20.000000 -160.000001
B3000570.2 18.557506 -160.780043 20.000000 -160.000001
B3000600.1 18.000042 -160.000001 20.000000 -152.060580
B3000600.2 18.557506 -160.000001 20.000000 -154.497903
B1200330.1 -47.535025 111.889678 -40.000000 120.000001
B1500330.1 -39.729086 110.000001 -31.999962 120.000001
B1500330.2 -36.835767 110.068972 -30.000000 116.666668
B1500330.3 -31.999962 116.666668 -30.995541 120.000001
B1500330.4 -40.000000 111.889678 -39.729086 120.000001
B1800330.1 -29.171267 110.000001 -20.000000 116.331732
B1800330.2 -21.832136 113.234608 -20.000000 120.000001
B1800330.3 -30.000000 110.068972 -28.000032 116.666668
B2100330.1 -15.548855 114.333411 -10.000000 120.000001
B2100330.2 -20.000000 113.234608 -15.548855 120.000001
B2100330.3 -12.033374 112.166630 -10.000000 114.333411
B2100330.4 -20.000000 110.000001 -19.632081 113.234608
B2100330.5 -10.573138 110.000001 -10.000000 111.243154
B2400330.1 -10.000000 112.166630 0.000000 120.000001
B2400330.2 -10.000000 110.000001 0.000000 112.166630
B2400330.3 -10.000000 114.333411 -8.050047 120.000001
B2700330.1 1.166612 110.000001 7.000005 117.499963
B2700330.2 6.916729 110.833296 10.000000 118.000001
B2700330.3 1.528313 117.499963 7.594217 120.000001
B2700330.4 0.000000 114.019990 1.528313 120.000001
B2700330.5 6.333396 117.499963 10.000000 120.000001
B2700330.6 7.000005 110.000001 10.000000 110.833296
B2700330.7 0.000000 110.000001 1.166612 112.166630
B2700330.8 0.833388 112.532541 1.166612 114.795912
B3000330.1 15.999955 110.083315 20.000000 115.666591
B3000330.2 15.166709 113.499963 19.833262 120.000001
B3000330.3 10.000000 114.666668 15.166709 120.000001
B3000330.4 10.000000 110.000001 15.999955 114.666668
B3000330.5 10.000000 110.833296 11.949964 118.000001
B3000330.6 19.833262 115.510949 20.000000 120.000001
B3000330.7 15.999955 110.000001 20.000000 110.083315
B3000720.1 18.249928 -112.583353 20.000000 -110.000001
B900450.1 -55.999969 158.666668 -50.000000 160.000001
B900480.1 -55.999969 160.000001 -50.000000 168.033266
B900480.2 -55.999969 168.033266 -50.000000 170.000002
B900510.1 -55.999969 170.000002 -50.000000 176.533302
B900510.2 -55.999969 176.000000 -50.000000 179.999998
B900540.1 -55.999969 -180.000002 -50.000000 -174.599986
B1500300.1 -39.729086 108.661785 -31.999962 110.000001
B1500780.1 -33.999978 -90.999925 -30.000000 -90.000001
B1800300.1 -29.171267 109.734799 -20.000000 110.000001
B1800780.1 -30.000000 -90.999925 -20.000000 -90.000001
B2100300.1 -12.033374 103.258260 -10.000000 110.000001
B2100300.2 -20.000000 109.734799 -19.632081 110.000001
B2100780.1 -20.000000 -90.999925 -10.000000 -90.000001
B2400270.1 -6.536094 94.776685 0.000000 100.000001
B2400300.1 -10.000000 103.258260 0.000000 110.000001
B2400300.2 -6.536094 100.000001 0.000000 103.333334
B2400780.1 -5.166643 -94.999925 0.000000 -90.000001
B2400780.2 -10.000000 -90.999925 -5.166643 -90.000001
B2400780.3 -4.709920 -90.999925 -1.982230 -90.654765
B2700270.1 0.249994 93.499963 7.000005 100.000001
B2700270.2 4.833262 91.666591 10.000000 100.000001
B2700270.3 5.333269 90.000001 10.000000 92.087740
B2700270.4 7.158751 98.999925 10.000000 100.000001
B2700270.5 0.000000 94.776685 0.249994 100.000001
B2700300.1 0.833388 103.000077 10.000000 110.000001
B2700300.2 0.249994 100.000001 7.000005 103.400016
B2700300.3 3.111285 100.000001 10.000000 104.970017
B2700300.4 7.000005 107.666744 10.000000 110.000001
B2700300.5 0.000000 103.333334 0.877094 110.000001
B2700300.6 0.000000 100.000001 0.249994 103.333334
B2700300.7 7.000005 100.000001 7.158751 100.047914
B2700780.1 0.000000 -94.999925 9.083290 -90.000001
B2700780.2 9.750990 -93.750058 10.000000 -90.000001
B3000270.1 10.000000 91.666591 18.408364 100.000001
B3000270.2 14.332465 90.000001 20.000000 94.833296
B3000270.3 10.000000 90.000001 14.333384 91.870909
B3000270.4 10.000000 98.999925 13.805033 100.000001
B3000300.1 10.000000 100.000001 13.806569 107.621119
B3000300.2 15.833365 105.583277 20.000000 110.000001
B3000300.3 10.000000 107.666744 15.999955 110.000001
B3000300.4 10.000000 104.970017 11.000041 107.666591
B3000300.5 13.805033 100.000001 18.408364 100.541696
B3000300.6 15.999955 105.499963 20.000000 105.583277
B3000750.1 14.499936 -106.500039 19.666647 -100.000001
B3000750.2 18.249928 -110.000001 20.000000 -104.249944
B3000750.3 11.834168 -100.166935 15.120286 -100.000001
B3000750.4 17.056291 -100.023500 17.084118 -100.000001
B3000780.1 11.834168 -100.000001 17.084118 -91.833525
B3000780.2 10.000000 -93.750058 15.000973 -90.000001
B3000780.3 17.791532 -97.994813 20.000000 -90.000001
B3000780.4 17.084118 -100.000001 19.666647 -98.249944
B3000780.5 15.120286 -100.000001 17.056291 -99.673458
B3300270.1 20.000000 90.000001 22.500070 94.833296
B3300300.1 20.000000 105.583277 22.000042 110.000001
B3300300.2 20.000000 105.499963 22.749954 110.000001
B3300330.1 20.000000 112.916610 26.416618 120.000001
B3300330.2 21.750067 116.333258 26.149992 120.000001
B3300330.3 20.000000 110.000001 22.749954 115.510949
B3300330.4 26.149992 119.550013 27.999139 120.000001
B3300330.5 26.149992 119.343405 28.058546 120.000001
B3300330.6 20.000000 110.000001 22.000042 110.083315
B3300360.1 24.999949 124.749982 30.000000 129.676662
B3300360.2 24.999949 120.000001 30.000000 124.749982
B3300360.3 20.000000 123.166706 24.999949 126.749982
B3300360.4 21.750067 120.000001 26.149992 123.083392
B3300360.5 20.000000 120.000001 24.999949 123.166706
B3300360.6 20.000000 123.166706 22.000042 123.499963
B3300360.7 27.999139 120.000001 28.058843 120.602122
B3300360.8 29.964644 120.066225 30.000000 120.602122
B3300390.1 20.000000 139.214619 26.000002 140.000001
B3300420.1 21.166731 140.000001 30.000000 147.333335
B3300420.2 20.000000 140.000001 26.000002 150.000001
B3300450.1 20.000000 150.000001 26.000002 154.083316
B3300540.1 24.333334 -178.833297 28.833297 -171.333335
B3300540.2 22.337129 -172.666668 26.582060 -170.000002
B3300570.1 24.012336 -166.333259 30.000000 -160.000001
B3300570.2 21.000065 -167.415276 25.507486 -160.000001
B3300570.3 22.001918 -170.000002 26.582060 -165.500269
B3300570.4 20.000000 -166.333259 21.031240 -160.747541
B3300570.5 20.000000 -160.780043 22.425873 -160.000001
B3300600.1 20.000000 -160.000001 30.000000 -150.000001
B3300600.2 20.000000 -160.000001 22.546500 -154.497903
B3300690.1 28.000032 -126.000001 30.000000 -120.500039
B3300690.2 27.000031 -120.500039 30.000000 -120.000001
B3300720.1 24.000010 -118.166630 27.913917 -111.499963
B3300720.2 27.000031 -120.000001 30.000000 -113.833373
B3300720.3 25.916895 -114.630504 30.000000 -110.000001
B3300720.4 22.000042 -113.666744 26.715478 -110.000001
B3300720.5 20.000000 -112.583353 22.000042 -110.000001
B3300750.1 22.000042 -110.000001 26.916741 -105.416649
B3300750.2 20.000000 -110.000001 23.250057 -104.249944
B3300750.3 26.715478 -110.000001 30.000000 -109.633327
B3300780.1 23.833331 -97.833372 30.000000 -90.000001
B3300780.2 20.000000 -98.097353 30.000000 -90.000001
B3300780.3 26.105470 -90.083315 30.000000 -90.000001
B900210.1 -56.997234 70.000001 -50.000000 80.000001
B900240.1 -56.997234 80.000001 -52.332426 81.333334
B900810.1 -57.000005 -86.500039 -50.000000 -80.000001
B900840.1 -57.000005 -80.000001 -50.000000 -70.000001
B900840.2 -60.000001 -75.583277 -54.616623 -70.000001
B1200210.1 -50.000000 70.000001 -49.500332 79.082171
B1200810.1 -50.000000 -86.500039 -40.000000 -80.000001
B1200840.1 -50.000000 -80.000001 -40.000000 -70.000001
B1500810.1 -40.000000 -86.500039 -33.999978 -80.000001
B1500810.2 -33.999978 -90.000001 -30.000000 -80.000001
B1500840.1 -40.000000 -80.000001 -33.999978 -70.000001
B1500840.2 -33.999978 -80.000001 -30.000000 -70.000001
B1800810.1 -30.000000 -90.000001 -20.000000 -80.000001
B1800840.1 -30.000000 -80.000001 -20.000000 -70.000001
B2100810.1 -20.000000 -90.000001 -10.000000 -80.000001
B2100810.2 -14.000065 -82.000001 -10.000000 -80.000001
B2100840.1 -19.166662 -78.500039 -13.500028 -70.000001
B2100840.2 -13.500028 -76.000001 -10.000000 -70.360419
B2100840.3 -20.000000 -80.000001 -14.000065 -70.000001
B2100840.4 -14.000065 -80.000001 -10.000000 -76.000001
B2400210.1 -0.833388 70.000001 0.000000 80.000001
B2400240.1 -0.833388 80.000001 0.000000 81.676204
B2400810.1 -5.166643 -90.000001 0.000000 -82.529489
B2400810.2 -10.000000 -90.000001 -5.166643 -82.000001
B2400810.3 -7.000005 -83.491112 0.000000 -80.000001
B2400810.4 -10.000000 -82.000001 -4.999974 -80.000001
B2400840.1 -10.000000 -80.000001 -4.999974 -76.000001
B2400840.2 -10.000000 -76.999924 -0.997780 -70.361029
B2400840.3 -5.053905 -80.000001 0.000000 -77.833372
B2400840.4 -4.999974 -77.833372 0.000000 -76.999924
B2700210.1 0.000000 70.000001 8.333317 80.000001
B2700210.2 6.681742 71.564966 10.000000 76.285039
B2700210.3 6.681742 76.258946 10.000000 80.000001
B2700210.4 8.333317 70.000001 10.000000 71.859618
B2700210.5 5.333269 79.499963 8.085884 80.000001
B2700240.1 5.333269 80.000001 10.000000 90.000001
B2700240.2 0.000000 80.000001 5.333269 83.499963
B2700240.3 4.416688 83.499963 5.333269 84.666667
B2700240.4 8.085884 80.000001 10.000000 80.710003
B2700810.1 4.000033 -90.000001 10.000000 -83.266652
B2700810.2 0.092329 -83.900054 8.665813 -80.000001
B2700810.3 0.000000 -90.000001 5.172295 -82.529489
B2700810.4 8.665813 -83.975586 10.000000 -80.000001
B2700810.5 0.000000 -82.529489 1.166612 -80.000001
B2700810.6 9.750990 -90.000001 10.000000 -85.500115
B2700840.1 0.676963 -80.000001 8.665813 -77.166706
B2700840.2 8.666722 -76.999924 10.000000 -71.333334
B2700840.3 6.000068 -80.000001 10.000000 -76.999924
B2700840.4 0.000000 -77.833372 6.000068 -76.999924
B2700840.5 0.000000 -80.000001 1.166612 -77.833372
B3000210.1 10.000000 70.000001 19.667242 77.834593
B3000210.2 10.000000 75.750058 18.000042 80.000001
B3000210.3 10.000000 71.564966 14.000065 76.285039
B3000210.4 19.578579 70.000001 20.000000 73.482109
B3000210.5 14.719310 79.833372 20.000000 80.000001
B3000210.6 11.931700 79.815977 14.333384 80.000001
B3000240.1 14.333384 80.000001 20.000000 90.000001
B3000240.2 10.000000 80.000001 14.333384 90.000001
B3000240.3 10.000000 80.000001 11.931700 80.605784
B3000240.4 14.333384 80.000001 14.719310 80.215763
B3000810.1 10.000000 -84.999924 17.000020 -80.000001
B3000810.2 15.666636 -90.000001 20.000000 -80.416725
B3000810.3 10.000000 -90.000001 15.000973 -85.500115
B3000810.4 19.143349 -85.326315 20.000000 -80.000001
B3000810.5 10.000000 -85.551233 13.750026 -83.975586
B3000810.6 17.000020 -80.416725 19.143349 -80.000001
B3000840.1 10.000000 -80.000001 20.000000 -71.333334
B3000840.2 10.000000 -80.000001 17.000020 -76.999924
B3000840.3 10.000000 -72.333258 18.766596 -70.000001
B3000840.4 19.143349 -80.000001 20.000000 -73.286184
B3000840.5 18.766596 -71.333334 20.000000 -70.000001
B3300210.1 20.000000 70.000001 25.788784 73.482109
B3300210.2 20.000000 79.833372 22.500070 80.000001
B3300240.1 20.000000 80.000001 22.500070 90.000001
B3300810.1 24.166627 -90.000001 30.000000 -81.000077
B3300810.2 20.000000 -85.326315 28.030707 -80.000001
B3300810.3 20.000000 -90.000001 24.666703 -85.242543
B3300810.4 28.030707 -81.660945 30.000000 -80.000001
B3300810.6 23.833485 -90.000001 26.105470 -89.969941
B3300810.7 24.318425 -89.633021 24.438413 -89.457390
B3300810.8 24.501818 -89.856871 24.589886 -89.727322
B3300840.1 20.000000 -80.000001 28.030707 -73.286184
B3300840.2 26.376882 -80.000001 30.000000 -70.000001
B3300840.3 20.000000 -73.288625 26.376882 -70.000001
B3300840.4 20.000000 -73.286184 21.533394 -71.333334
B3600330.1 36.766384 117.533380 39.916690 120.000001
B3600330.2 35.499939 116.999925 40.000000 120.000001
B3600330.3 32.006455 119.150074 36.824108 120.000001
B3600330.4 30.500090 119.130847 36.400038 120.000001
B3600330.5 30.189527 119.550013 31.450044 120.000001
B3600360.1 31.450044 120.000001 37.483322 124.683300
B3600360.2 31.416741 124.683300 36.400038 129.899902
B3600360.3 36.400038 120.000001 40.000000 127.250020
B3600360.4 36.749926 127.250020 40.000000 130.000001
B3600360.5 36.824108 120.000001 39.916690 123.233388
B3600360.6 30.000000 124.749982 31.416741 129.676662
B3600360.7 30.000000 120.000001 31.450044 124.749982
B3600360.8 30.498803 129.083392 37.047714 130.000001
B3600360.9 31.450044 120.000001 32.006455 120.075686
B3600360.10 30.000000 120.065310 30.190173 120.165104
B3600390.1 30.498803 130.000001 37.047714 140.000001
B3600390.2 36.791812 130.000001 40.000000 140.000001
B3600390.3 37.472503 139.491113 40.000000 140.000001
B3600420.1 30.499929 140.083316 37.049950 150.000001
B3600420.2 36.583353 140.000001 40.000000 150.000001
B3600420.3 30.000000 140.000001 30.849434 147.333335
B3600420.4 30.498803 140.000001 36.791812 140.634624
B3600420.5 36.780295 140.000001 37.472503 140.083316
B3600450.1 36.583353 150.000001 40.000000 151.916687
B3600450.2 30.499929 150.000001 37.049950 150.249944
B3600660.1 30.499929 -132.833296 37.461387 -130.000001
B3600660.2 37.455605 -133.833525 40.000000 -130.000001
B3600690.1 31.502922 -126.166630 38.083285 -120.000001
B3600690.2 30.499929 -130.000001 37.461387 -126.000001
B3600690.3 37.461387 -130.000001 40.000000 -120.500039
B3600690.4 30.000000 -126.000001 32.197871 -120.000001
B3600690.5 38.083285 -120.500039 40.000000 -120.000001
B3600690.6 30.000000 -120.500039 30.749980 -120.000001
B3600720.1 31.502922 -120.000001 38.083285 -116.249944
B3600720.2 30.000000 -114.999925 32.666633 -110.000001
B3600720.3 35.000025 -120.000001 40.000000 -116.166630
B3600720.4 30.746609 -120.000001 35.000025 -114.999925
B3600720.5 30.000000 -120.000001 30.749659 -114.630504
B3600750.1 30.000000 -110.000001 32.666633 -109.633327
B3600780.1 30.000000 -97.996034 30.709366 -90.000001
B3600780.2 30.000000 -90.083315 30.582601 -90.000001
B3600810.1 30.000000 -81.666744 35.333288 -80.000001
B3600810.2 30.027814 -90.000001 32.785091 -81.666744
B3600810.3 30.000000 -90.000001 30.683352 -81.660945
B3600840.1 30.000000 -80.000001 35.333288 -70.000001
B3600840.2 35.033061 -76.683300 40.000000 -70.000001
B3600840.3 39.500058 -71.082628 40.000000 -70.000001
B1200180.1 -50.000000 66.549936 -49.500051 70.000001
B2100180.1 -15.149302 60.000001 -10.000000 62.750439
B2400180.1 -10.000000 60.000001 -4.383352 62.750439
B2400180.2 -0.833388 69.514916 0.000000 70.000001
B2700180.1 0.000000 69.166705 8.333317 70.000001
B2700180.2 5.997932 68.499581 10.000000 70.000001
B3000180.1 17.500266 60.836653 20.000000 70.000001
B3000180.2 10.000000 68.499581 19.637147 70.000001
B3000180.3 16.333326 60.000001 20.000000 60.836653
B3300180.1 20.000000 60.836653 25.788784 70.000001
B3300180.2 20.036609 60.000001 27.484709 60.944381
B3300180.3 20.000000 60.000001 20.036609 60.836653
B3300150.1 23.852770 50.416877 28.000777 57.440300
B3300150.2 20.036609 56.140994 27.484709 60.000001
B3300150.3 24.320731 50.000000 30.000000 52.268712
B3300150.4 20.000000 55.504693 20.775030 60.000001
B1200150.1 -50.000000 50.000000 -40.000000 53.148852
B1500150.1 -40.000000 50.000000 -30.000000 53.148852
B1800150.1 -30.000000 50.000000 -20.000000 53.148852
B1800150.2 -23.669682 50.000000 -20.000000 52.905166
B2100150.1 -15.149302 55.534906 -10.000000 60.000001
B2100150.2 -12.833792 51.298696 -10.000000 56.683147
B2100150.3 -20.000000 50.000000 -15.168236 52.905166
B2100150.4 -16.333326 50.000000 -10.000000 51.298696
B2100150.5 -20.000000 51.905242 -15.001279 53.148852
B2400150.1 -10.000000 50.000000 -1.983762 56.683147
B2400150.2 -7.666727 51.750058 -3.401606 58.373389
B2400150.3 -10.000000 56.683147 -4.383352 60.000001
B2400150.4 -2.449966 50.000000 0.000000 50.603953
B2400150.5 -10.000000 50.000000 -9.048152 51.298696
B2700150.1 1.295873 50.000000 10.000000 52.589762
B2700150.2 0.000000 50.000000 1.295873 50.603953
B3000150.1 10.003739 50.000000 14.582935 55.310293
B3000150.2 16.333326 53.526666 20.000000 60.000001
B3000150.3 13.614143 50.000000 17.928559 55.355459
B3000150.4 10.000000 50.000000 10.003739 52.589762
B3300120.1 24.320731 47.683376 30.000000 50.000000
B3300120.2 20.000000 40.000000 24.533278 40.666667
B3300120.3 20.000000 40.666667 20.166020 43.999237
B3600120.1 35.500091 43.999999 39.999999 49.999999
B3600120.2 30.000000 47.683375 30.581635 49.999999
B3600150.1 35.500091 49.999999 39.999999 55.999694
B3600150.2 30.000000 49.999999 30.581635 52.268711
B1500120.1 -40.000000 40.000000 -30.000000 50.000000
B1800120.1 -26.433384 40.249943 -21.000065 49.224995
B1800120.2 -30.000000 40.000000 -23.669682 50.000000
B1800120.3 -23.669682 46.999924 -20.000000 50.000000
B1800120.4 -21.332424 40.000000 -20.000000 44.666972
B1800120.5 -21.000065 44.666972 -20.000000 46.999924
B1800120.6 -26.300696 40.000000 -21.000065 40.249943
B2100120.1 -16.333326 40.200046 -10.000000 50.000000
B2100120.2 -20.000000 40.000000 -15.727862 44.666972
B2100120.3 -20.000000 46.999924 -15.168236 50.000000
B2100120.4 -20.000000 44.666972 -16.425003 46.999924
B2100120.5 -11.433306 40.000000 -10.000000 45.081407
B2400120.1 -10.000000 40.000000 -1.540118 45.081407
B2400120.2 -2.449966 40.500039 0.000000 50.000000
B2400120.3 -10.000000 45.081407 -9.048152 50.000000
B2400120.4 -9.048152 49.266194 -4.118903 50.000000
B2700120.1 1.295873 46.249943 10.000000 50.000000
B2700120.2 0.000000 40.500039 4.028031 50.000000
B3000120.1 12.499928 40.000000 20.000000 43.999848
B3000120.2 10.166662 42.000000 14.750063 48.332037
B3000120.3 10.003739 48.000000 14.583394 50.000000
B3000120.4 17.166667 40.000000 20.000000 40.666667
B3000120.5 14.582935 48.333257 16.305845 50.000000
B3000120.6 10.000000 46.249943 10.166662 50.000000
B3600090.1 32.165469 32.249638 37.140962 36.247502
B3600090.2 30.700053 30.000000 37.358293 36.291600
B3600090.3 33.582178 30.000000 36.998959 33.916381
B3600090.4 30.000000 32.249943 30.000485 35.239185
B3900360.1 40.000000 127.250020 43.416599 130.000001
B3900360.2 40.000000 120.000001 40.999992 127.250020
B3900390.1 41.166700 131.166703 46.000055 139.999998
B3900390.2 46.000055 134.166626 49.166623 139.999998
B3900390.3 46.000055 131.999540 49.999999 139.583274
B3900390.4 39.999999 129.999998 43.416598 139.491110
B3900390.5 39.999999 139.250017 43.166686 139.999998
B3900390.6 48.918272 139.583274 49.999999 139.999998
B3900420.1 43.166686 139.999998 49.166623 147.916684
B3900420.2 39.999999 139.999998 43.166686 149.999998
B3900420.3 44.083351 143.250017 46.836322 149.999998
B3900420.4 48.482071 139.999998 49.999999 147.333331
B3900420.5 46.263665 147.333331 49.999999 149.999998
B3900420.6 43.166686 147.916684 44.083351 149.999998
B3900420.7 43.166686 139.999998 46.000055 140.583350
B3900450.1 41.001136 149.999998 49.000056 159.251390
B3900450.2 45.500032 150.666664 49.999999 157.333331
B3900450.3 44.083351 149.999998 47.613064 152.500036
B3900450.4 39.999999 149.999998 43.166686 151.916683
B3900450.5 49.000056 154.375064 49.999999 159.999998
B3900450.6 46.836322 149.999998 49.999999 152.678261
B3900480.1 49.000058 160.000001 50.000000 170.000002
B3900510.1 48.006592 172.000611 50.000000 179.999998
B3900510.2 49.000058 170.000002 50.000000 175.000076
B1800090.1 -26.300696 32.000000 -20.866629 40.000000
B1800090.2 -30.000000 30.999771 -24.785593 35.103991
B1800090.3 -30.000000 35.103991 -26.300696 40.000000
B1800090.4 -28.500304 30.000000 -20.000000 34.500801
B1800090.5 -21.101755 34.500801 -20.000000 40.000000
B1800090.6 -30.000000 30.000000 -28.500304 31.011979
B2100090.1 -20.000000 30.000000 -15.001279 38.791638
B2100090.2 -20.000000 34.500801 -15.704714 40.000000
B2100090.3 -11.433306 38.500038 -10.000000 40.000000
B2400090.1 -10.000000 38.500038 -1.540118 40.000000
B3000090.1 17.166667 35.333334 20.000000 40.000000
B3000090.2 12.500701 38.633402 17.166667 40.000000
B3300090.1 23.000004 32.249943 30.000000 37.617609
B3300090.2 20.000000 35.333334 24.533278 40.000000
B3901050.1 42.499974 -10.000000 48.929518 0.000000
B3901050.2 48.166637 -10.000000 50.000000 0.000000
B3901050.3 40.000000 -10.000000 43.499937 -5.294728
B3901050.4 40.000000 -5.366598 43.833390 0.000000
B3901050.5 48.166637 -2.509804 48.832647 0.000000
B3900000.1 40.000000 1.998932 45.382240 8.312657
B3900000.2 40.000000 0.000000 43.833390 2.569467
B3900000.3 40.000000 8.251164 44.477272 10.000000
B3900000.4 48.166637 0.000000 50.000000 2.581216
B3900000.5 48.832647 0.000000 50.000000 1.955444
B3900000.6 48.166637 2.578317 50.000000 3.414054
B3900030.1 41.510855 12.162051 46.583365 19.745327
B3900030.2 40.000000 10.000000 44.477272 16.317388
B3900030.3 40.000000 10.999161 45.848015 19.999085
B3900030.4 40.000000 19.999085 41.123799 20.000000
B4201050.1 50.000000 -10.000000 60.000001 0.000000
B4201050.2 55.999969 -4.000000 60.000001 0.000000
B4201050.3 56.312392 -4.000000 57.560272 -2.241550
B4200000.1 55.999969 0.000000 60.000001 8.999924
B4200000.2 50.968221 2.276188 60.000001 9.854429
B4200000.3 50.000000 0.000000 55.999969 3.414054
B4200000.4 52.333408 9.400015 60.000001 10.000000
B4200000.5 50.000000 1.955444 50.760007 2.582589
B4200030.1 52.333408 10.000000 60.000001 20.000000
B4200030.2 53.899963 11.667048 58.606352 20.000000
B4200030.3 58.537379 16.166629 60.000001 20.000000
B4200390.1 52.833371 135.000074 59.999999 139.999998
B4200390.2 49.999999 131.999540 54.500323 139.583274
B4200390.3 49.999999 139.583274 52.833856 139.999998
B4200420.1 49.999999 139.999998 55.499947 147.333331
B4200420.2 52.833856 139.999998 59.999999 144.500036
B4200420.3 55.833404 143.000074 59.999999 149.999998
B4200420.4 49.999999 147.333331 54.500323 149.999998
B4501050.1 60.000001 -10.000000 62.833329 0.000000
B4501050.2 62.166595 -10.000000 68.166718 -8.333410
B4501050.3 62.833329 -1.250019 64.999969 0.000000
B4501050.4 60.000001 -4.000000 60.883368 0.000000
B4500000.1 60.499950 0.000000 64.999969 10.000000
B4500000.2 64.504537 5.833372 70.000001 10.000000
B4500000.3 60.000001 0.000000 60.607502 8.999924
B4500000.4 60.000001 9.400015 60.499950 10.000000
B4500000.5 60.000001 8.999924 60.499950 9.400015
B4500030.1 64.499970 10.000000 70.000001 16.333257
B4500030.2 60.000001 10.000000 66.500006 20.000000
B4500030.3 61.184918 17.000687 65.954811 20.000000
B4500030.4 68.169984 11.000687 70.000001 20.000000
B4500030.5 60.000001 16.166629 61.185095 20.000000
B4500030.6 60.499950 10.000000 64.504537 11.000076
B4500060.1 60.394028 20.000000 66.500006 30.000000
B4500060.2 60.129257 20.000000 65.954811 25.530480
B4500060.3 60.000001 20.000000 61.185271 30.000000
B4500060.4 69.176226 20.000000 70.000001 25.000077
B4500060.5 69.381266 28.406348 70.000001 30.000000
B4500060.6 69.936464 25.000077 70.000001 25.553063
B4500060.7 60.701452 29.997864 61.185271 30.000000
B4500090.1 67.999985 30.000000 70.000001 39.999237
B4500090.2 60.000001 30.000000 61.185271 30.478523
B4500090.3 61.185271 30.000000 66.500006 30.016480
B4500090.4 60.390774 30.000000 60.701452 30.016480
B4500090.5 67.999985 39.998932 70.000001 40.000000
B4500120.1 67.999985 40.000000 70.000001 50.000000
B4500150.1 67.999985 50.000000 70.000001 54.000000
B2701050.1 0.166714 -6.166629 6.950071 0.000000
B2701050.2 0.165487 -10.000000 6.913684 -5.747311
B2700000.1 0.000000 3.333333 6.950071 10.000000
B2700000.2 0.166714 0.000000 6.950071 3.429160
B2700030.1 0.000000 10.000000 6.950071 10.083314
B3301050.1 27.499971 -10.000000 30.000000 -7.166705
B3601050.1 33.499993 -9.333333 38.399953 -0.333410
B3601050.2 33.916643 -10.000000 40.000000 -5.250019
B3601050.3 33.666616 -5.294728 40.000000 0.000000
B3601050.4 30.000000 -10.000000 33.916643 -7.166705
B3600000.1 35.498875 1.998932 40.000000 8.375677
B3600000.2 33.666616 0.000000 40.000000 4.416724
B3600000.3 34.665706 7.999237 40.000000 10.000000
B3600000.4 30.216803 9.999237 34.665706 10.000000
B3600030.1 30.216803 10.000000 36.248978 20.000000
B3600030.2 34.665706 10.000000 40.000000 16.317388
B3600030.3 36.250182 16.317388 40.000000 19.999085
B3600030.4 36.248676 16.317388 40.000000 20.000000
B3600060.1 34.748915 22.466163 38.232184 28.332800
B3600060.2 30.700053 23.861296 34.345916 30.000000
B3600060.3 35.196820 20.000000 40.000000 29.648890
B3600060.4 30.216803 20.000000 36.248676 23.861296
B3600060.5 33.582178 27.916228 36.998959 30.000000
B3600060.6 34.346995 23.861296 34.748915 27.916228
B3600060.7 36.998959 28.332800 37.356215 30.000000
B3600060.8 36.998959 28.332800 37.067833 28.387579
B2400000.1 -9.333393 7.750057 -0.338794 10.000000
B2400000.2 -2.999943 3.333333 0.000000 10.000000
B2400000.3 -10.000000 9.666743 -9.333393 10.000000
B2400030.1 -9.333393 10.000000 -0.338794 13.653926
B2400030.2 -10.000000 10.000000 -8.193377 15.570611
B2400030.3 -0.338794 10.000000 0.000000 10.083314
B2101050.1 -20.000000 -10.000000 -15.001126 0.000000
B2100000.1 -20.000000 0.000000 -15.001126 9.666590
B2100000.2 -20.000000 4.500038 -16.333326 10.000000
B2100000.3 -16.333326 9.666743 -10.000000 10.000000
B2100030.1 -17.000020 10.000000 -10.000000 15.570611
B2100030.2 -20.000000 12.753033 -15.001126 20.000000
B2100030.3 -20.000000 10.000000 -16.333326 14.044556
B2100030.4 -20.000000 12.751812 -17.334675 15.738308
B2100060.1 -20.000000 21.147479 -15.001279 30.000000
B2100060.2 -20.000000 20.000000 -15.001126 21.147479
B1501050.1 -40.000000 -10.000000 -30.000000 0.000000
B1500000.1 -40.000000 0.000000 -30.000000 10.000000
B1500030.1 -40.000000 10.000000 -30.000000 20.000000
B1500030.2 -38.550394 14.999161 -30.000000 20.000000
B1500030.3 -32.999922 12.549935 -30.000000 18.500038
B1500060.1 -38.550394 20.000000 -30.000000 30.000000
B1500060.2 -40.000000 21.147479 -38.550394 30.000000
B1500060.3 -40.000000 20.000000 -38.550394 21.147479
B1500090.1 -40.000000 30.000000 -30.000000 40.000000
B1500090.2 -38.550394 30.000000 -30.000000 33.278706
B1500090.3 -30.000324 30.999771 -30.000000 35.103991
B1801050.1 -30.000000 -10.000000 -20.000000 0.000000
B1800000.1 -30.000000 0.000000 -20.000000 10.000000
B1800000.2 -23.083355 4.500038 -20.000000 10.000000
B1800000.3 -24.940009 9.833372 -23.083355 10.000000
B1800030.1 -30.000000 12.549935 -24.000010 18.500038
B1800030.2 -28.500304 15.738308 -20.000000 20.000000
B1800030.3 -23.083355 10.000000 -20.000000 14.999924
B1800030.4 -24.940009 10.000000 -20.000000 15.738308
B1800030.5 -30.000000 10.000000 -24.940009 12.549935
B1800030.6 -30.000000 18.500038 -28.500304 20.000000
B1800060.1 -28.500304 21.147479 -20.000000 30.000000
B1800060.2 -30.000000 20.000000 -28.500304 30.000000
B1800060.3 -28.500304 20.000000 -20.000000 21.147479
B4800000.1 77.867159 5.997711 80.000001 10.000000
B4800000.2 76.222193 7.997559 78.500376 10.000000
B4800030.1 74.532609 10.000000 78.500376 20.000000
B4800030.2 70.000001 11.000687 74.667496 20.000000
B4800030.3 77.911894 10.000000 80.000001 20.000000
B4800060.1 74.500058 20.000000 78.500131 30.000000
B4800060.2 78.209253 20.000000 80.000001 30.000000
B4800060.3 70.000001 20.000000 74.667496 26.001679
B4800060.4 70.000001 25.000077 74.500058 30.000000
B4800090.1 74.333319 31.000077 78.500009 40.000000
B4800090.2 70.000001 30.000000 74.500058 40.000000
B4800090.3 77.867159 30.000000 80.000001 33.999085
B4800090.4 74.500058 30.000000 78.209253 31.000077
B4800120.1 74.333319 40.000000 78.500009 50.000000
B4800120.2 70.000001 40.000000 74.500058 50.000000
B4800150.1 74.333319 50.000000 78.500009 56.000001
B4800150.2 70.000001 50.000000 74.500058 54.000000
B2701020.1 6.133363 -20.000000 10.000000 -10.666667
B2701020.2 0.165487 -15.665980 6.913684 -10.000000
B3001020.1 11.583367 -20.000000 18.999960 -15.002213
B3001020.2 10.000000 -20.000000 12.833330 -10.666667
B3001020.3 18.581951 -20.000000 20.000000 -12.751354
B3301020.1 20.000000 -20.000000 29.565360 -12.751354
B3301020.2 27.499971 -18.500038 30.000000 -10.000000
B3601020.1 30.000000 -18.500038 33.916643 -10.000000
B3601020.2 33.916643 -14.000000 40.000000 -10.000000
B3901020.1 43.499937 -13.441673 48.929518 -10.000000
B3901020.2 40.000000 -14.000000 43.499937 -10.000000
B3901020.3 48.166637 -13.786679 50.000000 -10.000000
B4201020.1 50.000000 -13.786679 60.000001 -10.000000
B2700990.1 6.133363 -20.583353 10.000000 -20.000000
B3000990.1 11.583367 -26.666667 19.001156 -20.000000
B3000990.2 18.877406 -21.001297 20.000000 -20.000000
B3000990.3 10.000000 -20.583353 11.583367 -20.000000
B3300990.1 20.000000 -21.001297 29.565360 -20.000000
B3600990.1 36.000690 -30.000000 40.000000 -23.833372
B3900990.1 40.000000 -30.000000 40.312085 -24.053254
B4200990.1 59.499955 -30.000000 60.000001 -21.499962
B3000870.1 10.000000 -70.000001 18.766596 -60.000001
B3000870.2 18.766596 -70.000001 20.000000 -66.000001
B3000870.3 10.000000 -61.607386 12.024245 -60.000001
B3000900.1 10.000000 -60.000001 12.166715 -51.499962
B3000900.2 12.024245 -60.000001 18.766596 -59.000077
B2700870.1 5.500612 -62.500039 10.000000 -60.000001
B2700900.1 5.500002 -60.000001 10.000000 -51.499962
B2700900.2 2.500072 -54.299535 8.999984 -50.000000
B2700900.3 0.000000 -52.000000 4.500022 -50.000000
B2700930.1 0.000000 -50.000000 4.500022 -41.499962
B2700930.2 4.142002 -50.000000 8.999984 -49.499962
B3300870.1 20.000000 -70.000001 27.933292 -66.000001
B3300870.2 26.376882 -70.000001 30.000000 -67.166705
B3300870.3 29.752535 -65.900512 30.000000 -62.467232
B2400900.1 -3.333321 -52.000000 0.000000 -50.000000
B2400930.1 -3.333321 -50.000000 0.000000 -41.499962
B2400930.2 -8.133257 -42.000000 -1.250027 -40.000000
B2400960.1 -8.133257 -40.000000 -1.250027 -32.333410
B2400960.2 -10.000000 -39.499962 -6.833286 -33.000077
B3600870.1 34.583337 -70.000001 40.000000 -65.283284
B3600870.2 30.000000 -65.900512 34.252425 -62.467232
B3600870.3 30.000000 -70.000001 35.033061 -67.166705
B3600870.4 39.500058 -65.283284 40.000000 -60.000001
B3600870.5 39.500058 -70.000001 40.000000 -65.943237
B3600900.1 39.500058 -60.000001 40.000000 -58.249333
B3600960.1 36.000690 -32.201572 40.000000 -30.000000
B2100870.1 -19.166662 -70.000001 -13.500028 -69.750058
B2100930.1 -20.000000 -43.250019 -15.333383 -40.000000
B2100960.1 -16.333326 -39.499962 -10.000000 -33.000077
B2100960.2 -20.000000 -40.000000 -15.333383 -36.500038
B2101020.1 -20.000000 -15.002518 -15.001126 -10.000000
B3900720.1 40.000000 -120.000001 40.583263 -116.166630
B3900780.1 43.304778 -93.000077 50.000000 -90.000001
B3900810.1 40.999992 -90.000001 50.000000 -80.000001
B3900840.1 40.999992 -80.000001 46.646753 -74.000001
B3900840.2 40.000000 -76.683300 45.023403 -70.000001
B3900840.3 40.000000 -71.082628 44.737289 -70.000001
B3900870.1 40.000000 -70.000001 46.178687 -60.000001
B3900870.2 45.253679 -67.498742 50.000000 -60.000001
B3900870.3 44.737289 -70.000001 45.500033 -66.471352
B3900870.4 46.166686 -60.166629 47.184468 -60.000001
B3900870.5 40.000000 -65.943237 40.046780 -65.283284
B3900900.1 46.166686 -60.000001 50.000000 -52.000000
B3900900.2 40.999992 -54.000000 50.000000 -50.000000
B3900900.3 42.499974 -58.999924 46.372135 -52.999924
B3900900.4 40.000000 -60.000001 45.919040 -58.249333
B3900900.5 47.184468 -60.000001 50.000000 -57.450523
B3900900.6 45.551026 -60.000001 46.308576 -58.845503
B3900930.1 40.999992 -50.000000 50.000000 -43.000077
B3900960.1 40.000000 -32.201572 40.312085 -30.000000
B1800870.1 -30.000000 -62.572977 -26.939750 -60.000001
B1800900.1 -30.000000 -60.000001 -26.939750 -55.392386
B1800900.2 -30.000000 -54.749981 -27.166727 -50.000000
B1800900.3 -26.942757 -59.123980 -24.932821 -57.088579
B1800930.1 -28.750074 -49.000077 -22.583415 -40.000000
B1800930.2 -23.092354 -43.250019 -20.000000 -40.000000
B1800930.3 -30.000000 -50.000000 -27.166727 -47.166705
B1800960.1 -24.333334 -40.000000 -20.000000 -36.500038
B1800960.2 -28.750074 -40.000000 -22.800810 -39.333334
B1801020.1 -30.000000 -15.002518 -20.000000 -10.000000
B3900630.1 47.166651 -150.000001 50.000000 -140.000001
B3900660.1 46.332961 -139.001603 50.000000 -130.000001
B3900660.2 40.000000 -133.833067 46.333261 -130.000001
B3900660.3 47.166651 -140.000001 50.000000 -138.999925
B3900690.1 40.000000 -130.000001 49.500051 -120.500039
B3900690.2 46.333261 -130.000001 50.000000 -122.001527
B3900690.3 40.000000 -120.500039 40.583263 -120.000001
B1500870.1 -40.000000 -70.000001 -33.000078 -65.000077
B1500870.2 -35.502068 -62.572977 -30.000000 -60.000001
B1500870.3 -40.000000 -66.000001 -38.000040 -60.000001
B1500870.4 -38.000040 -63.000077 -34.333271 -60.000001
B1500900.1 -40.000000 -60.000001 -34.333271 -52.999924
B1500900.2 -35.666700 -54.758984 -30.000000 -50.000000
B1500900.3 -34.770547 -60.000001 -30.000000 -55.392386
B1500900.4 -40.000000 -60.000001 -38.000040 -56.000001
B1500930.1 -35.666700 -50.000000 -30.000000 -47.166705
B1501020.1 -40.000000 -15.002518 -30.000000 -10.000000
B3900600.1 47.166651 -157.666592 50.000000 -150.000001
B4200570.1 51.500033 -170.000002 59.166718 -160.000001
B4200570.2 58.384709 -170.000002 60.000001 -160.000001
B4200600.1 54.500013 -158.021059 60.000001 -150.000001
B4200600.2 50.000000 -157.666592 54.500013 -150.000001
B4200600.3 51.500033 -160.000001 59.166718 -156.500040
B4200600.4 59.166718 -160.000001 60.000001 -157.666592
B4200600.5 59.166718 -157.666592 60.000001 -157.103076
B4200630.1 50.000000 -150.000001 54.500013 -140.000001
B4200630.2 54.500013 -150.000001 60.000001 -142.543375
B4200630.3 53.949946 -144.666668 60.000001 -140.000001
B4200660.1 53.949946 -140.000001 60.000001 -130.000001
B4200660.2 50.000000 -138.999925 54.824786 -130.000001
B4200660.3 50.000000 -140.000001 53.949946 -138.681164
B4200660.4 59.484866 -138.085604 60.000001 -137.038378
B4200690.1 51.225674 -128.500039 60.000001 -124.133365
B4200690.2 50.000000 -130.000001 54.832961 -123.239034
B4200690.3 54.479016 -130.000001 60.000001 -128.500039
B4200780.1 51.099733 -94.997331 58.119687 -90.000001
B4200780.2 58.119687 -94.999925 60.000001 -90.000001
B4200810.1 51.099733 -90.000001 58.661406 -80.000001
B4200810.2 58.119687 -90.000001 60.000001 -80.000001
B4200840.1 51.099733 -80.000001 58.252375 -76.500344
B4200840.2 58.127182 -80.000001 60.000001 -70.000001
B4200840.3 57.500039 -70.833296 58.116717 -70.000001
B4200840.4 58.119687 -76.500344 58.127182 -76.500039
B4200870.1 51.958274 -65.166705 60.000001 -60.000001
B4200870.2 58.127182 -70.000001 60.000001 -63.101244
B4200870.3 50.000000 -67.498742 50.497749 -60.000001
B4200870.4 57.500039 -70.000001 58.232504 -65.166705
B4200870.5 50.497749 -60.166629 51.964214 -60.000001
B4200900.1 51.964214 -60.000001 60.000001 -54.166629
B4200900.2 50.000000 -60.000001 52.250045 -52.000000
B4200900.3 57.500039 -54.166629 60.000001 -50.000000
B4200900.4 50.000000 -52.000000 51.000081 -50.000000
B4200900.5 50.000000 -60.000001 50.497749 -57.846037
B4200930.1 57.500039 -50.000000 60.000001 -42.916610
B4200930.2 50.000000 -50.000000 51.000081 -43.000077
B4200930.3 59.499955 -44.500039 60.000001 -40.000000
B4200960.1 59.499955 -40.000000 60.000001 -30.000000
B1200870.1 -49.766623 -68.000001 -42.499974 -61.499962
B1200870.2 -49.000058 -70.000001 -40.000000 -66.000001
B1200870.3 -43.166687 -66.000001 -40.000000 -60.000001
B1200870.4 -50.000000 -67.304952 -49.000058 -61.246510
B1200870.5 -49.000058 -69.499962 -47.298299 -68.000001
B1200870.6 -50.000000 -70.000001 -49.000058 -67.304952
B1200870.7 -48.783285 -61.499962 -47.295654 -60.000001
B1200870.8 -50.000000 -61.499962 -48.783285 -60.000001
B1200900.1 -50.000000 -60.000001 -47.295654 -50.000000
B1200900.2 -43.166687 -60.000001 -40.000000 -56.000001
B1200900.3 -50.000000 -60.000001 -48.783285 -53.302511
B1200930.1 -50.000000 -50.000000 -47.295654 -47.025712
B1201020.1 -49.924751 -15.002518 -40.000000 -10.000000
B1201050.1 -50.000000 -10.000000 -40.000000 0.000000
B1200000.1 -50.000000 0.000000 -40.000000 10.000000
B1200030.1 -50.000000 10.000000 -40.000000 20.000000
B1200030.2 -47.560613 19.820249 -41.687427 20.000000
B1200060.1 -50.000000 20.000000 -40.000000 30.000000
B1200060.2 -50.000000 20.000000 -47.560613 21.147479
B1200060.3 -41.687427 20.000000 -40.000000 21.147479
B1200090.1 -50.000000 30.000000 -40.000000 40.000000
B1200120.1 -50.000000 40.000000 -40.000000 50.000000
B900870.1 -60.000001 -70.000001 -54.663886 -60.000001
B900870.2 -56.266620 -69.499962 -53.416631 -60.000001
B900870.3 -54.666673 -67.304952 -52.395868 -61.208820
B900870.4 -53.416631 -70.000001 -50.000000 -65.046617
B900870.5 -52.395868 -67.304952 -50.000000 -61.284658
B900870.6 -52.395868 -61.564661 -50.000000 -60.000001
B900870.7 -54.666673 -61.556116 -52.395868 -60.000001
B900870.8 -54.752993 -70.000001 -53.268916 -67.108416
B900870.9 -52.287242 -61.564966 -51.238416 -61.564661
B900870.10 -51.238416 -61.564966 -50.481053 -61.564661
B900870.11 -52.396685 -61.564966 -52.287242 -61.357138
B900900.1 -60.000001 -60.000001 -56.266620 -50.000000
B900900.2 -56.266620 -60.000001 -50.000000 -50.000000
B900900.3 -52.395868 -60.000001 -50.000000 -53.003281
B900900.4 -54.666673 -60.000001 -52.395868 -53.005112
B900930.1 -56.266620 -50.000000 -50.000000 -43.812009
B900930.2 -60.000001 -50.000000 -56.266620 -44.166629
B900930.3 -56.166712 -44.999924 -51.832361 -40.000000
B900960.1 -56.166712 -40.000000 -51.832361 -33.668727
B901050.1 -55.425258 -3.021134 -50.000000 0.000000
B900000.1 -55.425258 0.000000 -50.000000 10.000000
B900030.1 -55.425258 10.000000 -50.000000 20.000000
B900060.1 -55.425258 21.147479 -50.000000 30.000000
B900060.2 -55.425258 20.000000 -50.000000 21.147479
B900090.1 -55.425258 30.000000 -50.000000 40.000000
B900120.1 -55.425258 40.000000 -50.000000 50.000000
B900150.1 -55.425258 50.000000 -50.000000 53.148852
B300840.1 -75.049978 -75.583277 -70.000001 -70.000001
B300870.1 -75.049978 -70.000001 -70.000001 -60.000001
B300900.1 -75.049978 -60.000001 -70.000001 -50.000000
B300930.1 -75.049978 -50.000000 -70.000001 -44.166629
B600840.1 -70.000001 -75.583277 -60.000001 -70.000001
B600870.1 -70.000001 -70.000001 -60.000001 -60.000001
B600900.1 -70.000001 -60.000001 -60.000001 -50.000000
B600930.1 -70.000001 -50.000000 -60.000001 -44.166629
B600120.1 -68.796443 44.998246 -62.437482 50.000000
B600150.1 -68.796443 50.000000 -62.437482 60.000001
B600180.1 -68.796443 60.000001 -62.437482 70.000001
B600210.1 -68.796443 70.000001 -62.437482 71.164111
B900180.1 -56.997234 66.549936 -50.000000 70.000001
B3900540.1 48.004708 -180.000002 50.000000 -171.000078
B4200540.1 50.000000 -180.000002 55.999969 -171.000078
B4200540.2 55.999969 -175.935609 60.000001 -170.000002
B4200540.3 51.500033 -173.333335 58.384709 -170.000002
B4200540.4 54.847301 -173.093768 55.854603 -170.476388
B4200450.1 50.750011 153.752802 59.258272 159.999998
B4200450.2 49.999999 149.999998 54.500323 155.130386
B4200450.3 57.816185 149.999998 59.999999 157.000074
B4200450.4 49.999999 153.999998 52.800358 159.999998
B4200450.5 59.082346 152.500036 59.999999 159.999998
B4200450.6 54.500323 153.999998 56.499957 155.104293
B4200450.7 49.999999 152.678261 50.750011 154.375064
B4200450.8 53.585616 159.800104 54.221355 159.999998
B4200480.1 50.000000 160.000001 56.499958 170.000002
B4200480.2 54.221356 160.000001 59.258274 160.500040
B4200480.3 59.092527 160.000001 60.000001 162.657513
B4200480.4 52.736527 160.000001 53.585299 160.500040
B4200510.1 50.000000 170.333411 55.999969 179.999998
B4200510.2 50.000000 170.000002 56.499958 175.000076
B4500540.1 65.999938 -176.000002 70.000001 -172.000002
B4500540.2 66.855006 -180.000002 70.000001 -175.999696
B4500540.4 64.999969 -179.000078 66.855006 -170.000002
B4500540.6 65.999938 -172.000002 70.000001 -170.000002
B4500540.7 66.834434 -180.000002 66.855006 -179.999696
B4500570.1 64.999969 -170.000002 70.000001 -160.000001
B4500570.3 65.999938 -170.000002 70.000001 -167.999696
B4500600.1 64.999969 -160.000001 70.000001 -150.000001
B4500600.2 60.000001 -154.300604 61.583356 -150.000001
B4500600.3 60.000001 -157.666744 61.316715 -154.300604
B4500630.1 64.999969 -150.000001 70.000001 -140.000001
B4500630.2 60.000001 -150.000001 61.583356 -142.166630
B4500630.3 60.000001 -143.846038 60.583433 -140.000001
B4500630.4 60.583433 -142.132907 61.316715 -140.000001
B4500660.1 64.999969 -140.000001 70.000001 -134.000001
B4500660.2 60.000001 -136.704205 61.316715 -130.000001
B4500660.3 60.000001 -140.000001 60.583433 -136.330817
B4500660.4 60.583433 -140.000001 61.316715 -138.097506
B4500690.1 60.000001 -130.000001 61.316715 -124.133365
B4500780.1 60.000001 -94.999925 64.615489 -90.000001
B4500810.1 60.000001 -90.000001 64.615489 -80.000001
B4500840.1 60.000001 -80.000001 64.622702 -70.835279
B4500840.2 60.000001 -70.835279 66.664163 -70.000001
B4500870.1 60.000001 -70.000001 66.664163 -60.000001
B4500870.2 63.499161 -65.006638 70.000001 -60.000001
B4500900.1 63.499161 -60.000001 70.000001 -50.166782
B4500900.2 60.000001 -60.000001 66.664163 -50.000000
B4500930.1 60.000001 -44.500039 66.999957 -40.000000
B4500930.2 60.000001 -50.000000 66.664163 -43.012894
B4500960.1 60.000001 -40.000000 66.999957 -30.000000
B4500990.1 62.166595 -28.999924 68.166718 -20.000000
B4500990.2 60.000001 -30.000000 66.999957 -21.499962
B4501020.1 62.166595 -20.000000 68.166718 -10.000000
B4501020.2 60.000001 -13.783932 62.166595 -10.000000
B4500480.1 60.000001 160.000001 62.833329 165.499963
B4500480.3 69.337289 160.000001 70.000001 164.000307
B4500480.5 69.340258 164.000001 70.000001 168.000307
B4500480.7 69.344388 168.000307 70.000001 170.000002
B4500480.8 69.344388 160.000001 70.000001 160.000307
B4500510.1 66.834434 176.000000 70.000001 179.999998
B4500510.3 66.833714 172.003510 70.000001 176.000000
B4500510.4 69.344388 170.000002 70.000001 172.000306
B4800540.1 72.480471 -179.000078 73.999984 -170.000002
B4800540.3 70.000420 -175.999391 72.480471 -171.999391
B4800540.5 70.000420 -179.999391 72.480471 -175.999391
B4800540.6 70.000420 -172.000002 72.495589 -170.000002
B4800540.8 70.000001 -179.000078 70.000420 -170.000002
B4800540.9 70.000420 -180.000002 72.484159 -179.999391
B4800570.1 70.000001 -170.000002 73.999984 -160.000001
B4800570.2 70.000420 -170.000002 72.495589 -167.999391
B4800600.1 70.000001 -160.000001 73.999984 -150.000001
B4800630.1 70.000001 -150.000001 73.999984 -140.000001
B4800660.1 70.000001 -140.000001 73.999984 -134.000001
B4800810.1 70.000001 -82.999924 76.750036 -80.000001
B4800840.1 70.000001 -80.000001 76.750036 -70.000001
B4800870.1 70.000001 -70.000001 76.750036 -60.000001
B4800870.2 70.000001 -65.006638 71.499198 -60.000001
B4800900.1 70.000001 -60.000001 76.750036 -50.000000
B4800900.2 70.000001 -60.000001 71.499198 -50.166782
B4800480.2 70.000420 160.000001 73.999984 164.000612
B4800480.3 70.000420 164.000612 73.999984 168.000002
B4800480.5 70.000420 168.000002 73.999984 170.000002
B4800480.7 74.000322 160.000001 74.474166 164.000612
B4800480.9 74.000322 164.000612 74.470393 168.000612
B4800480.11 74.000322 168.000002 74.474166 170.000002
B4800480.14 74.000322 160.000001 74.470393 160.000612
B4800510.2 70.000420 176.000000 72.484159 179.999998
B4800510.4 70.000420 172.000611 72.473460 176.000610
B4800510.6 70.000420 170.000002 73.999984 172.000611
B4800510.7 74.000322 170.000002 74.474166 172.000611
B4800510.9 74.000322 172.000611 74.466620 173.449608
