G1870459.9 18 -27.620279 153.309007 -27.617469 153.313101
G1870459.10 18 -27.529550 153.283377 -27.526549 153.286474
G1920459.1 18 -25.907899 153.004543 -25.900442 153.016974
G1940458.1 18 -25.298855 152.906184 -25.291980 152.913996
G1940689.1 18 -25.070502 -130.098234 -25.065503 -130.092400
G2000675.1 18 -23.147093 -134.974971 -23.103245 -134.942637
G2060600.1 18 -21.206274 -159.786207 -21.201946 -159.781986
G2070869.1 18 -20.758813 -70.214883 -20.724093 -70.178760
G2120570.1 18 -19.053213 -169.921570 -19.052378 -169.920553
G2160532.1 18 -17.694981 177.377418 -17.681115 177.396767
G2180646.1 18 -17.067498 -144.407321 -17.060526 -144.401802
G2190618.1 18 -16.786808 -153.978796 -16.778733 -153.970033
G2200646.1 18 -16.371953 -144.356818 -16.363310 -144.350175
G2220558.1 18 -15.933881 -173.762063 -15.922234 -173.757907
G2220641.1 18 -15.806832 -146.158003 -15.799501 -146.148502
G2230643.1 18 -15.495004 -145.585312 -15.476921 -145.566671
G2230643.2 18 -15.508666 -145.459715 -15.499617 -145.442350
G2240635.1 18 -15.017251 -148.282502 -15.003915 -148.268758
G2330133.1 18 -12.166640 44.388332 -12.161666 44.396669
G2380451.1 18 -10.612496 150.658515 -10.608525 150.662833
G2570118.1 18 -4.075397 39.660172 -4.069832 39.664368
G2750607.1 18 1.979133 -157.477517 1.987784 -157.471383
G3120829.1 18 14.015137 -83.389111 14.021866 -83.375047
G3180895.1 18 16.328887 -61.350002 16.333333 -61.339997
G3190895.1 18 16.333333 -61.350002 16.341076 -61.339997
G3230885.2 18 17.711666 -64.890019 17.715733 -64.883167
G3270613.1 18 19.128535 -155.507323 19.138242 -155.497191
G3270613.2 18 19.079011 -155.553543 19.088772 -155.546178
G3280612.2 18 19.556903 -155.972327 19.567565 -155.960562
G3290611.1 18 19.666667 -156.031944 19.675470 -156.021069
G3310819.1 18 20.524999 -86.943888 20.530278 -86.938054
G3320609.1 18 20.782241 -156.994584 20.788494 -156.988054
G3320612.1 18 20.749735 -155.990475 20.768569 -155.971182
G3330606.2 18 21.320347 -157.900599 21.331530 -157.892003
G3711057.1 18 33.709073 -7.402564 33.719219 -7.390061
G3750074.1 18 35.094078 24.686885 35.098192 24.693691
G3780362.1 18 36.329446 120.720003 36.331390 120.722780
G3790008.1 18 36.638169 2.669886 36.640946 2.672669
G3790081.2 18 36.615003 27.167982 36.620894 27.176634
G3790082.1 18 36.412851 27.400565 36.414791 27.402752
G3800010.1 18 36.802256 3.559584 36.806026 3.565001
G3800013.1 18 36.900557 4.419109 36.904165 4.422446
G3800033.1 18 36.829850 11.108156 36.837327 11.118166
G3800067.1 18 36.755958 22.565962 36.763620 22.571379
G3800075.2 18 36.673089 25.142245 36.676933 25.147301
G3800075.3 18 36.721144 25.270858 36.724756 25.274179
G3800092.1 18 36.882565 30.699352 36.886235 30.703833
G3810080.2 18 37.126126 26.845757 37.130625 26.851194
G3810080.3 18 37.292889 26.762427 37.296561 26.768129
G3820070.3 18 37.348773 23.459973 37.354853 23.469002
G3820078.3 18 37.627666 26.085196 37.637724 26.095334
G3821061.1 18 37.351999 -6.006724 37.381446 -6.000000
G3830068.1 18 37.939483 22.929270 37.950595 22.946716
G3830069.3 18 37.912260 23.006490 37.920318 23.014964
G3830072.3 18 37.705125 24.054434 37.714484 24.068584
G3840040.1 18 38.084904 13.536782 38.090825 13.546558
G3840072.1 18 38.017270 24.007762 38.025185 24.020956
G3860062.1 18 38.783378 20.711849 38.831990 20.736019
G3860062.2 18 38.826156 20.707683 38.862879 20.726019
G3860353.1 18 38.990054 117.708366 38.993500 117.717139
G3870060.1 18 39.190876 20.182905 39.208608 20.199436
G3880009.2 18 39.530002 3.331167 39.542035 3.333333
G3880060.3 18 39.433351 20.084749 39.437770 20.089057
G3880074.1 18 39.535391 24.979024 39.542554 24.989410
G3881078.1 18 39.383888 -0.342779 39.478888 -0.333333
G3890059.6 18 39.789410 19.921055 39.794250 19.926436
G3890075.1 18 39.869876 25.256891 39.877811 25.270446
G3900072.1 18 40.206927 24.217029 40.217368 24.227512
G3900072.2 18 40.256203 24.275807 40.266564 24.286366
G3900073.1 18 40.168843 24.383978 40.176756 24.397182
G3910043.1 18 40.627319 14.595214 40.634675 14.607792
G3910058.2 18 40.352437 19.404949 40.359655 19.416907
G3910071.2 18 40.378276 23.921142 40.389307 23.937474
G3910071.4 18 40.589665 23.781501 40.596694 23.795779
G3920028.2 18 40.989188 9.618250 40.999397 9.627955
G3920042.7 18 40.807275 14.328679 40.814607 14.333333
G3920051.1 18 40.952530 17.298767 40.959760 17.313746
G3920074.2 18 40.855551 24.696605 40.861118 24.703782
G3920074.3 18 40.779553 24.707754 40.783299 24.714005
G3930005.4 18 41.246399 1.896386 41.252220 1.903034
G3930039.1 18 41.280158 13.251596 41.286149 13.267470
G3930039.2 18 41.222426 13.090746 41.228306 13.103639
G3930049.1 18 41.204255 16.579492 41.216724 16.610275
G3930049.2 18 41.277573 16.418204 41.287236 16.427380
G3930049.3 18 41.241837 16.503283 41.249147 16.512963
G3930051.1 18 41.055814 17.091982 41.065356 17.106905
G3930075.1 18 41.000000 25.117067 41.008444 25.131096
G3940830.1 18 41.495126 -83.150912 41.509138 -83.113767
G3940830.2 18 41.348977 -83.118334 41.360717 -83.093437
G3940830.3 18 41.441138 -83.036241 41.452877 -83.011328
G3940830.4 18 41.412057 -83.089215 41.423786 -83.064292
G3940830.5 18 41.430314 -83.048296 41.442034 -83.023383
G3940830.6 18 41.383121 -83.108492 41.394860 -83.083620
G3940830.7 18 41.419299 -83.066937 41.431032 -83.041988
G3940830.8 18 41.393443 -83.110298 41.405165 -83.085421
G3940830.9 18 41.400525 -83.091901 41.412276 -83.066993
G3940830.10 18 41.360523 -83.109632 41.372246 -83.092196
G3940830.11 18 41.442457 -83.014695 41.454190 -83.000001
G3940830.12 18 41.372246 -83.100649 41.383513 -83.093544
G3940831.1 18 41.511839 -82.953049 41.523565 -82.928080
G3940832.1 18 41.372480 -82.566970 41.422263 -82.523517
G3940833.1 18 41.433247 -82.255030 41.441367 -82.242874
G3950036.1 18 41.766236 12.210412 41.777940 12.235284
G3960816.1 18 42.044867 -87.709932 42.082400 -87.678432
G3960816.2 18 42.019009 -87.715847 42.056562 -87.700517
G3960816.3 18 42.046238 -87.690736 42.083703 -87.666667
G3960816.4 18 42.011805 -87.675899 42.046422 -87.666667
G3960816.5 18 42.000000 -87.719021 42.024286 -87.703487
G3950829.1 18 41.865020 -83.394716 41.876767 -83.369615
G3950829.2 18 41.839804 -83.420021 41.851490 -83.394940
G3950829.3 18 41.825359 -83.418403 41.832795 -83.407864
G3950829.4 18 41.917819 -83.338410 41.929547 -83.333334
G3950829.5 18 41.690569 -83.477379 41.697762 -83.471103
G3950830.3 18 41.937764 -83.308604 41.949493 -83.298884
G3950832.1 18 41.810895 -82.661922 41.816695 -82.655711
G3960035.2 18 42.032539 11.869352 42.038349 11.880731
G3960832.2 18 42.055558 -82.470004 42.068336 -82.458336
G3980030.2 18 42.804801 10.193057 42.812144 10.201572
G3980031.2 18 42.813248 10.426490 42.820600 10.434999
G3980706.1 18 42.736040 -124.501718 42.742046 -124.492552
G3990015.1 18 43.323964 5.148892 43.332309 5.157234
G3990015.2 18 43.326465 5.103899 43.332304 5.112220
G3990016.2 18 43.207833 5.530556 43.216001 5.540002
G4000119.1 18 43.573212 39.708450 43.584606 39.721949
G4001059.1 18 43.562371 -6.841672 43.565989 -6.837263
G4001065.1 18 43.418338 -4.754452 43.424165 -4.744442
G4001072.1 18 43.362501 -2.503889 43.370835 -2.490277
G4001072.2 18 43.400000 -2.640559 43.407779 -2.632776
G4010038.1 18 43.916119 12.899662 43.929075 12.913273
G4010038.2 18 43.966687 12.747484 43.973853 12.754706
G4010851.1 18 43.947242 -76.125852 43.953846 -76.116127
G4010884.2 18 43.696391 -65.112780 43.703889 -65.106112
G4020029.2 18 44.071811 9.898843 44.079187 9.912200
G4020045.2 18 44.013332 15.249678 44.016667 15.253336
G4020841.3 18 44.325700 -79.371151 44.330255 -79.365032
G4020845.1 18 44.297175 -78.306336 44.310551 -78.297730
G4020845.2 18 44.287115 -78.310400 44.292455 -78.304861
G4020881.2 18 44.261669 -66.140831 44.265894 -66.135002
G4020881.3 18 44.083435 -66.208327 44.086766 -66.204156
G4020886.1 18 44.017371 -64.666667 44.062176 -64.624934
G4020886.2 18 44.293241 -64.362433 44.297383 -64.355688
G4020886.3 18 44.288013 -64.348247 44.291693 -64.343145
G4020887.1 18 44.292688 -64.331320 44.295023 -64.328309
G4030027.1 18 44.333334 9.210971 44.337690 9.224058
G4030835.1 18 44.439998 -81.410830 44.448057 -81.400001
G4030838.1 18 44.605834 -80.594172 44.615348 -80.580006
G4030838.2 18 44.561662 -80.453336 44.571168 -80.445839
G4030841.1 18 44.598401 -79.376746 44.615231 -79.360449
G4030843.1 18 44.534076 -78.742215 44.538519 -78.733726
G4030843.2 18 44.355386 -78.737342 44.358766 -78.732042
G4030844.1 18 44.535357 -78.549997 44.542087 -78.541264
G4030844.2 18 44.550879 -78.350205 44.557526 -78.341772
G4030845.1 18 44.556505 -78.211669 44.562597 -78.202859
G4030845.2 18 44.362927 -78.294937 44.367250 -78.288462
G4030845.3 18 44.386777 -78.272105 44.391175 -78.267064
G4030845.4 18 44.371201 -78.291672 44.374606 -78.285197
G4030845.5 18 44.417443 -78.272506 44.421385 -78.267313
G4030845.6 18 44.485911 -78.236180 44.490820 -78.229735
G4030845.7 18 44.550742 -78.244059 44.556118 -78.237441
G4030845.8 18 44.398879 -78.264989 44.402410 -78.259938
G4040851.1 18 44.892432 -76.028459 44.900210 -76.016933
G4040851.2 18 44.888214 -76.007274 44.895551 -76.000001
G4040852.1 18 44.943708 -75.824247 44.957418 -75.808922
G4040852.2 18 44.912753 -75.845391 44.922667 -75.830865
G4040852.3 18 44.880769 -75.935943 44.887874 -75.926513
G4040852.4 18 44.874965 -75.988277 44.880952 -75.979986
G4040852.5 18 44.979908 -75.790403 44.984368 -75.783755
G4040852.6 18 44.889134 -76.000001 44.892726 -75.997569
G4040879.1 18 44.902776 -66.986110 44.908334 -66.980556
G4040879.2 18 44.760374 -66.751746 44.764412 -66.746406
G4050822.1 18 45.022161 -85.766049 45.028560 -85.759915
G4050852.1 18 45.319035 -75.700303 45.324980 -75.694174
G4050852.2 18 45.248288 -75.704978 45.253102 -75.699749
G4060043.1 18 45.333334 14.408667 45.334834 14.413947
G4060043.2 18 45.333864 14.398668 45.335527 14.402279
G4060825.1 18 45.434766 -84.791130 45.436334 -84.787860
G4060826.1 18 45.635150 -84.481560 45.638337 -84.478137
G4060838.3 18 45.594111 -80.380225 45.596467 -80.375464
G4060838.4 18 45.622159 -80.501138 45.624585 -80.497781
G4060838.5 18 45.579160 -80.512821 45.580521 -80.511183
G4060885.1 18 45.598996 -64.948445 45.601433 -64.943720
G4060892.1 18 45.588957 -62.648524 45.592567 -62.643524
G4060892.2 18 45.605621 -62.646012 45.609241 -62.641032
G4060897.1 18 45.650056 -60.872603 45.659780 -60.864272
G4070838.4 18 45.768005 -80.555139 45.770805 -80.551523
G4070838.5 18 45.771147 -80.566980 45.773988 -80.563084
G4070891.3 18 45.736734 -62.690181 45.741666 -62.684536
G4070893.1 18 45.758909 -62.173628 45.761827 -62.168302
G4070893.2 18 45.705645 -62.274378 45.708128 -62.269973
G4070894.1 18 45.857970 -61.920730 45.860791 -61.917241
G4070894.2 18 45.755099 -61.897409 45.757610 -61.895227
G4080827.2 18 46.293842 -84.037741 46.296369 -84.034715
G4080828.2 18 46.296146 -83.791908 46.300038 -83.787188
G4080832.1 18 46.146191 -82.378506 46.151798 -82.368481
G4080834.1 18 46.060072 -81.722164 46.062742 -81.717541
G4080834.2 18 46.092973 -81.667364 46.096365 -81.666667
G4080835.1 18 46.066956 -81.599253 46.070589 -81.591501
G4080835.2 18 46.051377 -81.631658 46.055408 -81.625056
G4080835.3 18 46.092973 -81.666667 46.096365 -81.660421
G4080835.4 18 46.068067 -81.606084 46.071445 -81.600479
G4080835.5 18 46.096467 -81.657390 46.100108 -81.653611
G4080835.6 18 46.088251 -81.658183 46.090987 -81.653204
G4080886.1 18 46.225074 -64.549371 46.230343 -64.540623
G4080886.2 18 46.238964 -64.532698 46.244241 -64.523950
G4080892.5 18 46.163570 -62.648529 46.166251 -62.644292
G4100898.1 18 46.896176 -60.470401 46.908332 -60.434298
G4101072.1 18 46.722308 -2.354686 46.737316 -2.333333
G4110815.1 18 47.187664 -88.238911 47.193262 -88.233382
G4110869.1 18 47.212551 -70.280156 47.220265 -70.268300
G4110912.1 18 47.069138 -55.835834 47.078309 -55.824171
G4110912.2 18 47.098303 -55.752499 47.104974 -55.742499
G4120868.1 18 47.417264 -70.396410 47.424070 -70.388821
G4120868.2 18 47.446223 -70.369335 47.453015 -70.361746
G4120869.1 18 47.619082 -70.147688 47.625410 -70.130867
G4120869.2 18 47.659746 -70.101173 47.666667 -70.093671
G4120902.1 18 47.573759 -59.144987 47.582652 -59.135816
G4120902.2 18 47.572571 -59.065192 47.575009 -59.061967
G4120903.1 18 47.581515 -58.979065 47.584384 -58.975830
G4120920.2 18 47.394640 -53.127098 47.398279 -53.123827
G4120920.3 18 47.386057 -53.128507 47.389656 -53.125226
G4120920.4 18 47.511055 -53.001826 47.516623 -53.000000
G4120920.5 18 47.442073 -53.108716 47.444532 -53.105440
G4120921.3 18 47.578554 -52.678762 47.583830 -52.667094
G4120921.4 18 47.623055 -52.865833 47.627221 -52.854170
G4120921.5 18 47.511055 -53.000000 47.516623 -52.992844
G4120921.6 18 47.628058 -52.925882 47.630834 -52.921391
G4140881.1 18 48.096716 -66.134392 48.103383 -66.122724
G4140882.1 18 48.135049 -65.839369 48.141711 -65.831521
G4150904.1 18 48.440630 -58.478320 48.444505 -58.474327
G4150904.2 18 48.429854 -58.487460 48.431911 -58.483717
G4160705.1 18 48.670903 -124.853321 48.674235 -124.850000
G4160710.1 18 48.762043 -123.262965 48.768288 -123.252177
G4180709.1 18 49.375003 -123.340003 49.390003 -123.333334
G4180710.2 18 49.350556 -123.280279 49.361299 -123.267777
G4180911.1 18 49.498517 -56.066591 49.501533 -56.061845
G4180915.1 18 49.657725 -54.774442 49.660295 -54.769172
G4190913.1 18 49.878139 -55.625758 49.882407 -55.620025
G4201065.3 18 50.267117 -4.787915 50.271416 -4.779848
G4201066.2 18 50.328899 -4.518583 50.331950 -4.511182
G4270015.1 18 52.490893 5.071188 52.495889 5.080359
G4270015.2 18 52.455888 5.097851 52.459783 5.101996
G4320039.1 18 54.292503 13.189166 54.298831 13.194502
G4320039.2 18 54.231668 13.286168 54.235832 13.295333
G4320039.3 18 54.239498 13.312668 54.243667 13.317998
G4320039.4 18 54.262665 13.177666 54.266334 13.182834
G4320039.5 18 54.276669 13.330831 54.280833 13.333333
G4320040.1 18 54.276669 13.333333 54.280833 13.335831
G4320041.3 18 54.200999 13.771669 54.205501 13.776669
G4330029.3 18 54.489584 9.694499 54.493333 9.701167
G4330031.1 18 54.334335 10.644999 54.336332 10.652161
G4330037.3 18 54.341668 12.395000 54.345002 12.401668
G4330037.4 18 54.371385 12.618336 54.374165 12.622782
G4330037.5 18 54.370002 12.417502 54.373334 12.421668
G4330038.1 18 54.369170 12.718670 54.374165 12.739666
G4330038.2 18 54.430280 12.688060 54.433062 12.691941
G4330039.1 18 54.509833 13.161669 54.513835 13.168999
G4330039.2 18 54.565305 13.105842 54.569464 13.112490
G4330039.3 18 54.356835 13.083335 54.361000 13.090608
G4330039.4 18 54.433000 13.029999 54.436332 13.035833
G4330039.5 18 54.619743 13.281951 54.623074 13.285832
G4330039.6 18 54.583643 13.109448 54.585577 13.115552
G4330039.7 18 54.567808 13.322784 54.570576 13.326665
G4330039.8 18 54.523078 13.091117 54.525309 13.095552
G4330039.9 18 54.554192 13.242217 54.556407 13.245548
G4330040.1 18 54.471692 13.445548 54.477687 13.452781
G4330040.2 18 54.572667 13.464169 54.576668 13.470833
G4330040.3 18 54.583334 13.605000 54.586668 13.610834
G4330040.4 18 54.524191 13.503884 54.526407 13.515002
G4340028.1 18 54.836000 9.518669 54.842667 9.532001
G4340028.2 18 54.820500 9.467501 54.825002 9.475832
G4340028.3 18 54.856669 9.565835 54.859668 9.572498
G4340028.4 18 54.820169 9.651667 54.823832 9.655334
G4341064.3 18 54.839244 -5.124448 54.843903 -5.115374
G4351060.1 18 55.203648 -6.662186 55.207835 -6.654332
G4351061.1 18 55.204167 -6.241998 55.210218 -6.234150
G4351061.2 18 55.289669 -6.200000 55.294268 -6.192131
G4370043.1 18 55.997975 14.647674 56.000001 14.651530
G4371064.5 18 55.837401 -5.057018 55.840066 -5.049922
G4371065.5 18 55.764651 -4.866184 55.769099 -4.860548
G4380037.5 18 56.275857 12.572758 56.276734 12.574752
G4380037.6 18 56.252630 12.662135 56.253508 12.663661
G4380043.1 18 56.000001 14.647674 56.000363 14.651530
G4380044.1 18 56.041081 14.764248 56.043995 14.772046
G4380044.2 18 56.002621 14.734102 56.005313 14.737952
G4380044.3 18 56.008628 14.833000 56.010517 14.837247
G4400037.1 18 56.928133 12.346894 56.931217 12.353648
G4400049.1 18 56.754485 16.524361 56.757977 16.529554
G4430050.1 18 57.712117 16.721635 57.719353 16.725963
