B2100510.1 7 -20.166654 173.499962 -13.416636 179.999998
B1800540.1 7 -26.000002 -177.566645 -20.0 -168.099948
B2100570.1 7 -20.0 -168.156254 -13.100041 -160.000001
B2100570.2 7 -13.5777 -170.000002 -7.299948 -161.866638
B2400570.3 7 -13.653195 -161.866638 -2.500072 -160.000001
B2400480.1 7 -10.0 160.000001 3.000555 165.833373
B2700480.3 7 0.0 165.833373 3.000096 170.000002
B2700510.1 7 2.999943 157.499963 10.0 173.534905
B2700450.3 7 -8.500056 150.000001 1.041638 158.000001
B2400450.2 7 -10.0 154.548563 -6.351688 160.000001
B2400450.3 7 -6.613037 158.000001 3.000096 160.000001
B2700510.2 7 0.0 173.534905 4.000033 179.999998
B2700510.3 7 -10.0 170.000002 3.450444 174.510109
B2400510.2 7 -10.0 172.357367 0.0 179.999998
B2400540.1 7 -9.432205 -178.990007 0.0 -170.50004
B2400540.2 7 -19.544292 -180.0 -5.50275 -174.634929
B2100540.3 7 -20.166654 -180.0 -13.416636 -176.583354
B1800480.1 7 -23.468701 160.133976 -17.71454 169.102924
B2100480.4 7 -10.914927 165.000078 -10.0 172.367591
B2100540.1 7 -20.0 -176.583354 -11.999951 -168.099948
B2400480.2 7 -10.0 165.464257 0.0 170.000002
B2400540.3 7 -10.0 -175.199971 -7.299948 -170.000002
B2400540.4 7 -5.50275 -180.0 1.351225 -178.990007
B2700570.1 7 0.0 -171.266653 6.49998 -156.666668
B2700540.2 7 0.0 -178.990007 1.000081 -171.266653
B1500390.2 7 -47.535025 130.000001 -30.995541 140.000001
B1200420.1 7 -45.17005 143.499963 -40.0 150.000001
B1200420.2 7 -47.535025 140.000001 -36.488372 145.229116
B1500420.3 7 -40.0 148.083316 -32.816642 154.666668
B1500450.2 7 -33.915713 151.002061 -25.420226 157.411461
B1800450.3 7 -22.66671 150.000001 -10.0 155.010454
B2400450.4 7 -10.0 151.009996 -7.069111 155.010454
B2400450.5 7 -10.0 143.499963 -7.000309 151.009996
B2400420.3 7 -18.99996 134.000001 -4.999974 143.499963
B2700420.2 7 2.711964 131.049974 10.0 145.918366
B1500360.3 7 -47.535025 120.000001 -39.124389 130.000001
B1200450.1 7 -41.166701 150.000001 -40.0 154.666668
B1200450.2 7 -55.999969 158.666668 -48.604693 160.000001
B900480.1 7 -55.999969 160.000001 -50.0 176.533302
B900510.2 7 -55.999969 176.0 -50.0 179.999998
B2100300.1 7 -12.033374 103.25826 0.0 110.000001
B2700270.2 7 4.833262 91.666591 18.408364 100.000001
B3000270.2 7 14.332465 90.000001 20.0 94.833296
B3000270.3 7 10.0 90.000001 14.333384 91.870909
B3000300.1 7 10.0 100.000001 13.806569 107.621119
B3000300.2 7 15.833365 105.583277 22.000042 110.000001
B3300300.2 7 20.0 105.499963 22.749954 115.510949
B3300330.5 7 26.149992 119.343405 28.058546 120.000001
B3300360.3 7 20.0 120.000001 24.999949 126.749982
B3300390.1 7 20.0 139.214619 26.000002 154.083316
B3300540.1 7 24.333334 -178.833297 28.833297 -171.333335
B3300540.2 7 22.337129 -172.666668 26.58206 -170.000002
B3300570.1 7 24.012336 -166.333259 30.0 -160.000001
B3300570.2 7 21.000065 -167.415276 25.507486 -160.000001
B3300570.3 7 22.001918 -170.000002 26.58206 -165.500269
B3300570.4 7 20.0 -166.333259 21.03124 -160.747541
B3300570.5 7 18.557506 -160.780043 22.425873 -160.000001
B3000600.1 7 18.000042 -166.333259 20.0 -152.06058
B1200330.1 7 -47.535025 111.889678 -39.729086 120.000001
B1800330.1 7 -29.171267 110.000001 -20.0 116.331732
B1800330.2 7 -21.832136 113.234608 -15.548855 123.668728
B2100360.2 7 -20.0 120.000001 -10.0 125.843291
B2100360.3 7 -11.583367 120.001222 -10.0 128.375678
B2700360.5 7 0.0 128.499582 2.001849 130.000001
B1200480.3 7 -50.0 160.000001 -48.400017 168.033266
B2700300.1 7 0.833388 103.000077 10.0 110.000001
B2700300.5 7 0.0 103.333334 0.877094 110.000001
B3300600.1 7 20.0 -160.000001 30.0 -150.000001
B3300690.1 7 28.000032 -126.000001 30.0 -120.500039
B3300690.2 7 27.000031 -120.500039 30.0 -113.833373
B3300720.3 7 25.916895 -114.630504 30.0 -110.000001
B3300720.4 7 22.000042 -113.666744 26.715478 -110.000001
B2100360.1 7 -15.999955 122.666668 -10.0 130.000001
B3300720.1 7 24.00001 -118.16663 27.913917 -111.499963
B2400390.3 7 -15.999955 130.000001 -8.795274 134.000001
B2400390.1 7 -9.074354 130.000001 2.001849 137.99756
B1500360.1 7 -39.124389 120.833296 -31.333353 130.000001
B1500360.2 7 -39.729086 108.661785 -31.999962 122.999925
B2400780.1 7 -5.166643 -94.999925 9.08329 -90.000001
B2700780.2 7 9.75099 -93.750058 15.000973 -90.000001
B3000780.3 7 17.791532 -97.994813 20.0 -90.000001
B3000780.1 7 11.834168 -100.000001 17.084118 -91.833525
B3300270.1 7 20.0 79.833372 22.50007 94.833296
B3300810.1 7 24.166627 -90.000001 30.0 -81.000077
B3300810.2 7 19.143349 -85.326315 28.030707 -73.286184
B3000840.5 7 18.766596 -71.333334 20.0 -70.000001
B3600360.4 7 36.749926 127.25002 40.0 130.000001
B3600360.6 7 24.999949 124.749982 31.416741 129.676662
B3300360.2 7 24.999949 120.000001 31.450044 124.749982
B3600360.8 7 30.498803 129.083392 37.047714 140.000001
B3600390.2 7 36.791812 130.000001 40.0 140.000001
B3600420.1 7 30.499929 140.083316 37.04995 150.249944
B3600720.4 7 30.746609 -120.000001 35.000025 -114.999925
B3600720.5 7 30.0 -120.000001 30.749659 -114.630504
B3000180.1 7 17.500266 60.836653 20.0 70.000001
B3300150.1 7 23.85277 50.416877 28.000777 57.4403
B3000090.2 7 12.500701 38.633402 17.166667 40.0
B3300090.1 7 23.000004 32.249943 30.0 37.617609
B3900000.1 7 40.0 1.998932 45.38224 8.312657
B3900030.1 7 41.510855 12.162051 46.583365 19.745327
B4500060.1 7 60.394028 20.0 66.500006 30.0
B4500060.2 7 60.129257 20.0 65.954811 25.53048
B4500060.3 7 60.000001 20.0 61.185271 30.478523
B4500090.5 7 67.999985 39.998932 70.000001 54.0
B2101050.1 7 -20.0 -10.0 -15.001126 9.66659
B2100030.1 7 -17.00002 10.0 -8.193377 15.570611
B1501050.1 7 -40.0 -10.0 -30.0 20.0
B4800000.1 7 77.867159 5.997711 80.000001 10.0
B4800000.2 7 76.222193 7.997559 78.500376 10.0
B4800030.1 7 74.532609 10.0 78.500376 20.0
B4800090.1 7 74.333319 31.000077 78.500009 56.000001
B3000900.2 7 12.024245 -60.000001 18.766596 -59.000077
B2700870.1 7 5.500612 -62.500039 10.0 -60.000001
B2400900.1 7 -3.333321 -52.0 4.500022 -41.499962
B2700930.2 7 4.142002 -50.0 8.999984 -49.499962
B3300870.3 7 29.752535 -65.900512 34.252425 -62.467232
B3600870.1 7 34.583337 -70.000001 40.0 -65.283284
B2100960.1 7 -16.333326 -39.499962 -6.833286 -33.000077
B1800930.1 7 -28.750074 -49.000077 -22.583415 -40.0
B1800930.2 7 -23.092354 -43.250019 -20.0 -40.0
B3900660.1 7 46.332961 -139.001603 50.0 -130.000001
B3900660.2 7 40.0 -133.833067 46.333261 -130.000001
B3900690.2 7 46.333261 -130.000001 50.0 -122.001527
B4200630.1 7 50.0 -150.000001 54.500013 -140.000001
B4200810.1 7 51.099733 -90.000001 58.661406 -80.000001
B4200870.1 7 51.958274 -65.166705 60.000001 -60.000001
B900870.1 7 -60.000001 -70.000001 -54.663886 -60.000001
B900870.2 7 -56.26662 -69.499962 -53.416631 -60.000001
B900870.3 7 -54.666673 -67.304952 -52.395868 -61.20882
B900870.4 7 -53.416631 -70.000001 -50.0 -65.046617
B900870.5 7 -52.395868 -67.304952 -50.0 -61.284658
B900870.6 7 -52.395868 -61.564661 -50.0 -53.003281
B900900.4 7 -54.666673 -61.556116 -52.395868 -53.005112
B900900.1 7 -60.000001 -60.000001 -50.0 -50.0
B900930.1 7 -56.26662 -50.0 -50.0 -43.812009
B900930.2 7 -60.000001 -50.0 -56.26662 -44.166629
B900930.3 7 -56.166712 -44.999924 -51.832361 -33.668727
B3900540.1 7 48.004708 -180.0 55.999969 -171.000078
B4200540.2 7 55.999969 -175.935609 60.000001 -170.000002
B4200540.3 7 51.500033 -173.333335 58.384709 -170.000002
B4200480.3 7 59.092527 160.000001 60.000001 162.657513
B4200510.1 7 50.0 170.333411 55.999969 179.999998
B4500540.2 7 66.855006 -180.0 70.000001 -175.999696
B4500540.4 7 64.999969 -179.000078 66.855006 -170.000002
B4500600.3 7 60.000001 -157.666744 61.316715 -154.300604
B4500870.2 7 63.499161 -65.006638 70.000001 -50.166782
B4501020.2 7 60.000001 -13.783932 62.166595 -10.0
B4500480.1 7 60.000001 160.000001 62.833329 165.499963
B4500480.3 7 69.337289 160.000001 70.000001 164.000307
B4500480.5 7 69.340258 164.000001 70.000001 168.000307
B4500480.7 7 69.344388 168.000307 70.000001 172.000306
B4800540.1 7 72.480471 -179.000078 73.999984 -170.000002
B4800540.3 7 70.00042 -179.999391 72.480471 -171.999391
B4800540.6 7 70.00042 -172.000002 72.495589 -167.999391
B4800600.1 7 64.999969 -170.000002 73.999984 -134.000001
B4500600.2 7 60.000001 -154.300604 61.583356 -142.16663
B4500630.3 7 60.000001 -143.846038 60.583433 -136.330817
B4500780.1 7 58.119687 -94.999925 64.615489 -80.000001
B4200840.1 7 51.099733 -80.000001 58.252375 -76.500344
B4200840.2 7 58.127182 -80.000001 60.000001 -63.101244
B4200900.3 7 57.500039 -54.166629 60.000001 -42.91661
B4200930.2 7 50.0 -52.0 51.000081 -43.000077
B1200870.4 7 -50.0 -70.000001 -49.000058 -61.24651
B1201050.1 7 -50.0 -10.0 -40.0 53.148852
B1500150.1 7 -40.0 50.0 -20.0 53.148852
B2100150.1 7 -15.149302 55.534906 -10.0 62.750439
B2400180.1 7 -10.0 56.683147 -4.383352 62.750439
B2400150.4 7 -2.449966 50.0 1.295873 50.603953
B3000150.1 7 10.003739 50.0 14.582935 55.310293
B3000150.2 7 16.333326 53.526666 20.0 60.836653
B3300180.1 7 20.0 60.836653 25.788784 73.482109
B3300810.3 7 20.0 -90.000001 24.666703 -85.242543
B3300810.4 7 28.030707 -81.660945 30.0 -80.000001
B3300840.3 7 20.0 -73.288625 26.376882 -70.000001
B3600330.2 7 35.499939 116.999925 40.0 120.000001
B3600330.4 7 30.50009 119.130847 36.400038 120.000001
B3600360.1 7 31.450044 120.000001 37.483322 124.6833
B3600360.2 7 31.416741 124.6833 36.400038 129.899902
B3600360.3 7 36.400038 120.000001 40.999992 127.25002
B3900390.1 7 41.1667 131.166703 46.000055 139.999998
B3900390.2 7 46.000055 134.166626 49.166623 139.999998
B3900390.3 7 46.000055 131.99954 54.500323 139.583274
B3900420.1 7 43.166686 139.999998 49.166623 147.916684
B3900420.2 7 39.999999 139.250017 43.166686 151.916683
B3900420.3 7 44.083351 143.250017 46.836322 149.999998
B3900420.4 7 48.482071 139.999998 55.499947 147.333331
B4200420.2 7 52.833856 139.999998 59.999999 144.500036
B4200420.3 7 55.833404 143.000074 59.999999 149.999998
B4200420.4 7 49.999999 147.333331 54.500323 155.130386
B4200450.3 7 57.816185 149.999998 59.999999 157.000074
B4200450.4 7 49.999999 153.999998 52.800358 159.999998
B4200450.5 7 59.082346 152.500036 59.999999 159.999998
B4200450.1 7 50.750011 153.752802 59.258272 159.999998
B4200480.1 7 50.0 160.000001 56.499958 175.000076
B4500540.1 7 65.999938 -176.000002 70.000001 -167.999696
B4500840.1 7 60.000001 -80.000001 64.622702 -70.835279
B4500840.2 7 60.000001 -70.835279 66.664163 -43.012894
B4500960.1 7 59.499955 -44.500039 66.999957 -21.499962
B1200870.1 7 -49.766623 -68.000001 -42.499974 -61.499962
B1200870.2 7 -49.000058 -70.000001 -40.0 -66.000001
B1200870.3 7 -43.166687 -66.000001 -38.00004 -56.000001
B1500900.1 7 -40.0 -60.000001 -34.333271 -52.999924
B1500900.2 7 -35.6667 -54.758984 -30.0 -47.166705
B3900600.1 7 47.166651 -157.666592 54.500013 -150.000001
B4200600.3 7 51.500033 -170.000002 59.166718 -156.50004
B4200570.2 7 58.384709 -170.000002 60.000001 -160.000001
B4200600.1 7 54.500013 -158.021059 60.000001 -142.543375
B4200630.3 7 53.949946 -144.666668 60.000001 -130.000001
B4200660.2 7 50.0 -138.999925 54.824786 -130.000001
B4200690.2 7 50.0 -130.000001 54.832961 -123.239034
B4200780.1 7 51.099733 -94.997331 58.119687 -90.000001
B4500990.1 7 62.166595 -28.999924 68.166718 -8.33341
B4501050.3 7 62.833329 -1.250019 64.999969 0.0
B4501050.1 7 48.166637 -10.0 62.833329 0.0
B3901050.3 7 40.0 -14.0 43.499937 -5.294728
B3901020.3 7 48.166637 -13.786679 60.000001 -10.0
B2700990.1 7 6.133363 -20.583353 11.583367 -20.0
B3300990.1 7 20.0 -21.001297 29.56536 -12.751354
B3301020.2 7 27.499971 -18.500038 33.916643 -7.166705
B3600000.1 7 35.498875 1.998932 40.0 8.375677
B3600000.4 7 30.216803 9.999237 34.665706 10.0
B3600030.1 7 30.216803 10.0 36.248978 20.0
B3600060.6 7 34.346995 23.861296 34.748915 27.916228
B3600060.7 7 36.998959 28.3328 37.356215 30.0
B4800090.3 7 77.867159 30.0 80.000001 33.999085
B2100420.1 7 -20.0 141.499963 -10.0 150.000001
B2700270.3 7 5.333269 90.000001 10.0 92.08774
B2700270.5 7 -6.536094 94.776685 0.249994 103.333334
B2700270.1 7 0.249994 93.499963 7.000005 103.400016
B2700300.3 7 3.111285 100.000001 10.0 104.970017
B2700300.4 7 7.000005 107.666744 15.999955 110.000001
B3000300.4 7 10.0 104.970017 11.000041 107.666591
B3000750.1 7 14.499936 -106.500039 19.666647 -100.000001
B3000750.2 7 18.249928 -110.000001 23.250057 -104.249944
B3300780.2 7 20.0 -98.097353 30.0 -90.000001
B1200210.1 7 -50.0 70.000001 -49.500332 79.082171
B2700210.2 7 6.681742 71.564966 10.0 76.285039
B2700210.3 7 6.681742 76.258946 10.0 80.000001
B2700210.4 7 8.333317 70.000001 10.0 71.859618
B2700810.4 7 8.665813 -83.975586 10.0 -80.000001
B2700810.5 7 0.0 -82.529489 1.166612 -80.000001
B2700840.1 7 0.676963 -80.000001 8.665813 -77.166706
B2700840.2 7 8.666722 -76.999924 10.0 -71.333334
B2700840.3 7 6.000068 -80.000001 10.0 -76.999924
B3000810.2 7 15.666636 -90.000001 20.0 -80.416725
B3000810.3 7 10.0 -90.000001 15.000973 -85.500115
B2400930.2 7 -8.133257 -42.0 -1.250027 -32.33341
B4500510.1 7 66.834434 176.0 70.000001 179.999998
B4500510.3 7 66.833714 172.00351 70.000001 176.0
B2100480.1 7 -18.599945 163.510034 -10.839732 170.000002
B2400540.5 7 -2.249986 -171.266653 0.0 -170.000002
B2400570.1 7 -3.466672 -170.000002 0.0 -160.000001
B1800450.1 7 -26.252147 150.000001 -20.332655 158.079196
B2100600.2 7 -20.0 -160.000001 -13.653195 -157.066607
B1500480.2 7 -40.0 160.000001 -37.733345 169.3666
B1500420.1 7 -40.0 143.501336 -37.333351 149.935303
B1800420.2 7 -22.66671 148.000001 -17.713636 150.000001
B2400420.1 7 -7.000309 141.905548 1.041638 150.000001
B2700420.1 7 1.041638 144.39994 10.0 158.919052
B2100330.3 7 -12.033374 112.16663 -10.0 114.333411
B2400330.1 7 -10.0 110.000001 0.0 129.075152
B2400360.2 7 -9.094497 128.680401 0.0 130.000001
B2400360.3 7 -10.0 128.249944 -7.916692 130.000001
B2700360.1 7 0.682331 120.666668 10.0 128.371558
B2700360.2 7 0.0 120.012361 1.652189 129.071795
B2700360.3 7 1.427582 120.000001 7.594217 120.666668
B2700360.4 7 7.594217 120.000001 15.166709 121.166706
B3000360.4 7 18.249928 123.499963 20.0 125.69711
B3000330.7 7 15.999955 110.000001 20.0 115.666591
B3000330.2 7 15.166709 113.499963 19.833262 120.000001
B3000330.3 7 10.0 114.666668 15.166709 120.000001
B3000330.4 7 10.0 110.000001 15.999955 114.666668
B3000330.5 7 6.916729 110.833296 11.949964 118.000001
B2700330.3 7 1.528313 117.499963 7.594217 120.000001
B2700330.4 7 0.0 114.01999 1.528313 120.114291
B1200480.1 7 -48.400017 160.000001 -40.0 167.571833
B1200480.2 7 -48.93336 165.666744 -40.0 175.000076
B1200510.2 7 -49.066666 174.666667 -40.0 179.999998
B1200510.4 7 -50.0 170.000002 -48.068585 176.533302
B1200510.5 7 -41.856577 170.650036 -40.0 176.44953
B1200510.6 7 -50.0 176.533302 -49.066666 179.999998
B3000360.1 7 10.0 121.166706 14.839085 128.371558
B3000360.2 7 15.166709 120.000001 20.0 123.499963
B3000390.1 7 10.0 131.388267 11.799946 140.000001
B3000390.2 7 11.428964 138.000001 18.308364 140.000001
B3000420.1 7 10.0 140.000001 18.308364 150.000001
B3000420.2 7 17.560005 140.000001 20.0 150.000001
B3000450.1 7 10.058264 150.000001 18.308364 152.868697
B3000450.2 7 17.498757 150.000001 20.0 154.083316
B3000450.3 7 10.0 157.499963 12.297207 173.229572
B1500330.2 7 -36.835767 110.068972 -28.000032 116.666668
B2100330.1 7 -15.548855 114.333411 -10.0 120.000001
B2700330.1 7 1.166612 110.000001 7.000005 117.499963
B2700330.5 7 6.333396 117.499963 10.0 120.000001
B2700330.6 7 7.000005 110.000001 10.0 110.833296
B3000720.1 7 18.249928 -112.583353 22.000042 -110.000001
B3300750.1 7 22.000042 -110.000001 26.916741 -105.416649
B3000840.1 7 10.0 -80.000001 20.0 -71.333334
B3600420.2 7 36.583353 140.000001 40.0 151.916687
B4500060.4 7 69.176226 20.0 70.000001 25.000077
B4500060.5 7 69.381266 28.406348 70.000001 30.0
B4500090.1 7 67.999985 30.0 70.000001 39.999237
B3000750.3 7 11.834168 -100.166935 15.120286 -100.000001
B3300330.1 7 20.0 112.91661 26.416618 120.000001
B3300360.4 7 21.750067 120.000001 26.149992 123.083392
B3300420.1 7 21.166731 140.000001 30.849434 147.333335
B3601050.1 7 33.499993 -9.333333 38.399953 -0.33341
B3300840.2 7 26.376882 -80.000001 35.333288 -70.000001
B3600840.2 7 35.033061 -76.6833 45.023403 -70.000001
B3900870.1 7 40.0 -70.000001 46.178687 -60.000001
B3900870.2 7 45.253679 -67.498742 50.497749 -60.000001
B4200900.1 7 51.964214 -60.000001 60.000001 -54.166629
B4200900.2 7 46.166686 -60.000001 52.250045 -52.0
B3900900.2 7 40.999992 -54.0 50.0 -43.000077
B1200900.3 7 -50.0 -61.499962 -48.783285 -53.302511
B1200900.1 7 -50.0 -60.000001 -47.295654 -47.025712
B1201020.1 7 -49.924751 -15.002518 -15.001126 -10.0
B1800900.1 7 -34.770547 -60.000001 -26.93975 -55.392386
B4200000.1 7 55.999969 0.0 60.607502 8.999924
B4500030.1 7 64.49997 10.0 70.000001 16.333257
B4500030.2 7 52.333408 10.0 66.500006 20.0
B4200390.1 7 52.833371 135.000074 59.999999 139.999998
B3601020.2 7 33.916643 -14.0 40.0 -5.250019
B3601050.3 7 33.666616 -5.294728 40.0 4.416724
B3600000.3 7 34.665706 7.999237 40.0 16.317388
B3600030.4 7 36.248676 16.317388 40.0 20.0
B3600060.1 7 34.748915 22.466163 38.232184 28.3328
B3600060.2 7 30.700053 23.861296 34.345916 30.0
B3600060.3 7 35.19682 20.0 40.0 29.64889
B3600060.4 7 30.216803 20.0 36.248676 23.861296
B3600060.5 7 33.582178 27.916228 36.998959 33.916381
B3600090.4 7 30.0 32.249943 30.000485 35.239185
B3900360.1 7 40.0 127.25002 43.416599 139.49111
B3900450.1 7 41.001136 149.999998 49.000056 159.25139
B3900450.2 7 45.500032 150.666664 49.999999 157.333331
B1800090.1 7 -26.300696 32.0 -20.866629 40.0
B1800090.2 7 -30.000324 30.999771 -24.785593 35.103991
B1801050.1 7 -30.0 -10.0 -20.0 10.0
B1800030.1 7 -32.999922 12.549935 -24.00001 18.500038
B1500060.1 7 -38.550394 14.999161 -30.0 33.278706
B1500060.2 7 -40.0 20.0 -38.550394 30.0
B1500090.1 7 -40.0 30.0 -30.0 50.0
B1800120.1 7 -26.433384 40.249943 -21.000065 49.224995
B1800120.2 7 -30.0 40.0 -23.669682 50.0
B1800120.3 7 -23.669682 46.999924 -15.168236 50.0
B2100120.1 7 -16.333326 40.200046 -10.0 51.298696
B2400150.1 7 -10.0 50.0 -1.983762 56.683147
B2400150.2 7 -7.666727 51.750058 -3.401606 58.373389
B2700150.1 7 1.295873 50.0 10.003739 52.589762
B3300120.1 7 24.320731 47.683376 30.581635 52.268711
B3300150.4 7 20.0 55.504693 20.77503 60.000001
B2100150.2 7 -12.833792 51.298696 -10.0 56.683147
B2100150.3 7 -20.0 50.0 -15.168236 52.905166
B3000150.3 7 13.614143 50.0 17.928559 55.355459
B3300120.2 7 17.166667 35.333334 24.533278 40.666667
B3901050.1 7 42.499974 -10.0 48.929518 0.0
B3901050.4 7 40.0 -5.366598 43.83339 2.569467
B3900000.3 7 40.0 8.251164 44.477272 16.317388
B3900030.3 7 40.0 10.999161 45.848015 19.999085
B4200000.2 7 50.968221 2.276188 60.000001 9.854429
B4200000.3 7 50.0 0.0 55.999969 3.414054
B4500000.1 7 60.49995 0.0 64.999969 10.0
B4500000.2 7 64.504537 5.833372 70.000001 10.0
B4500030.4 7 68.169984 11.000687 74.667496 20.0
B4800030.3 7 77.911894 10.0 80.000001 20.0
B4800060.1 7 74.500058 20.0 78.500131 30.0
B4800060.2 7 78.209253 20.0 80.000001 30.0
B4800060.3 7 70.000001 20.0 74.667496 26.001679
B4800060.4 7 70.000001 25.000077 74.500058 54.0
B3000900.1 7 5.500002 -60.000001 12.166715 -51.499962
B2700900.2 7 2.500072 -54.299535 8.999984 -50.0
B4800810.1 7 70.000001 -82.999924 76.750036 -50.0
B4800480.2 7 70.00042 160.000001 73.999984 172.000611
B4800510.2 7 70.00042 176.0 72.484159 179.999998
B2100510.2 7 -18.599945 170.000002 -10.043465 177.924314
B2100510.3 7 -13.416636 176.001526 -10.0 179.999998
B2100540.4 7 -11.999951 -174.634929 -10.0 -170.000002
B1800510.1 7 -38.600034 167.633327 -27.433372 176.500038
B1500510.4 7 -40.0 176.44953 -38.066673 179.999998
B1500510.1 7 -40.0 170.633403 -32.499993 177.232776
B1500510.2 7 -38.066673 176.500038 -25.633316 179.999998
B1800540.2 7 -38.066673 -180.0 -25.633316 -174.000002
B1500540.2 7 -44.600023 -180.0 -37.500066 -170.766615
B1200540.2 7 -49.066666 -180.0 -42.499974 -170.73335
B1200540.3 7 -55.999969 -180.0 -49.066666 -174.599986
B3600150.1 7 35.500091 43.999999 39.999999 55.999694
B3000120.5 7 14.582935 48.333257 16.305845 50.0
B3000120.6 7 1.295873 46.249943 10.166662 50.0
B2700120.2 7 -2.449966 40.500039 4.028031 50.0
B2400120.3 7 -10.0 45.081407 -9.048152 50.0
B2400120.4 7 -9.048152 49.266194 -4.118903 50.0
B3000120.1 7 12.499928 40.0 20.0 43.999848
B3000120.2 7 10.166662 42.0 14.750063 48.332037
B3000120.3 7 10.003739 48.0 14.583394 50.0
B3600090.2 7 30.700053 30.0 37.358293 36.2916
B3900450.6 7 46.836322 149.999998 49.999999 152.678261
B3900510.1 7 48.006592 172.000611 50.0 179.999998
B1800090.3 7 -30.0 35.103991 -26.300696 40.0
B1800090.4 7 -28.500304 15.738308 -20.0 34.500801
B1800030.4 7 -24.940009 10.0 -20.0 15.738308
B1800030.5 7 -30.0 10.0 -24.940009 12.549935
B2100090.1 7 -20.0 21.147479 -15.001279 38.791638
B2100030.3 7 -20.0 4.500038 -16.333326 14.044556
B2400030.1 7 -9.333393 7.750057 -0.338794 13.653926
B2400000.2 7 -2.999943 3.333333 6.950071 10.0
B2700000.2 7 0.166714 -6.166629 6.950071 3.42916
B2701050.2 7 0.165487 -15.66598 6.913684 -5.747311
B3001020.1 7 11.583367 -20.0 18.99996 -15.002213
B3001020.2 7 6.133363 -20.0 12.83333 -10.666667
B3001020.3 7 18.581951 -20.0 20.0 -12.751354
B3901020.1 7 43.499937 -13.441673 48.929518 -10.0
B3000990.1 7 11.583367 -26.666667 19.001156 -20.0
B3600990.1 7 36.00069 -32.201572 40.0 -23.833372
B2100870.1 7 -19.166662 -78.500039 -13.500028 -69.750058
B2100840.3 7 -57.000005 -80.000001 -14.000065 -70.000001
B900180.1 7 -56.997234 66.549936 -50.0 80.000001
B900810.1 7 -57.000005 -86.500039 -33.999978 -80.000001
B1500810.2 7 -33.999978 -90.000001 -10.0 -80.000001
B3000210.1 7 10.0 70.000001 19.667242 77.834593
B3000210.2 7 10.0 75.750058 18.000042 80.000001
B3000240.1 7 5.333269 80.000001 20.0 90.000001
B2700810.1 7 4.000033 -90.000001 10.0 -83.266652
B2700810.2 7 0.092329 -83.900054 8.665813 -80.000001
B2700810.3 7 -5.166643 -90.000001 5.172295 -82.529489
B2400810.2 7 -10.0 -90.000001 -5.166643 -82.000001
B2400810.3 7 -7.000005 -83.491112 0.0 -80.000001
B2400810.4 7 -10.0 -82.000001 -4.999974 -80.000001
B2400840.4 7 -4.999974 -77.833372 6.000068 -76.999924
B3000810.1 7 10.0 -84.999924 17.00002 -76.999924
B3000840.3 7 10.0 -72.333258 18.766596 -60.000001
B3000870.2 7 18.766596 -70.000001 27.933292 -66.000001
B3300870.2 7 26.376882 -70.000001 35.033061 -67.166705
B2100930.1 7 -20.0 -43.250019 -15.333383 -36.500038
B3900780.1 7 43.304778 -93.000077 50.0 -90.000001
B3900810.1 7 40.999992 -90.000001 50.0 -80.000001
B3900840.1 7 40.999992 -80.000001 46.646753 -74.000001
B3900900.3 7 42.499974 -58.999924 46.372135 -52.999924
B3900900.4 7 40.0 -60.000001 45.91904 -58.249333
B3900900.6 7 45.551026 -60.000001 46.308576 -58.845503
B1800900.2 7 -30.0 -54.749981 -27.166727 -47.166705
B1800960.1 7 -24.333334 -40.0 -20.0 -36.500038
B1800960.2 7 -28.750074 -40.0 -22.80081 -39.333334
B3900630.1 7 47.166651 -150.000001 50.0 -138.999925
B3900690.1 7 37.461387 -130.000001 49.500051 -120.500039
B3600690.4 7 30.0 -126.000001 32.197871 -120.000001
B3600720.1 7 31.502922 -126.16663 38.083285 -116.249944
B3600690.2 7 30.499929 -132.833296 37.461387 -126.000001
B3600660.2 7 37.455605 -133.833525 40.0 -130.000001
B3600720.2 7 30.0 -114.999925 32.666633 -109.633327
B3600810.1 7 30.0 -81.666744 35.333288 -80.000001
B3600810.2 7 30.027814 -90.000001 32.785091 -81.666744
B3600810.3 7 30.0 -90.000001 30.683352 -81.660945
B1200180.1 7 -50.0 66.549936 -49.500051 70.000001
B2400180.2 7 -0.833388 69.514916 0.0 81.676204
B2700210.1 7 0.0 69.166705 8.333317 80.000001
B3300180.2 7 20.036609 56.140994 27.484709 60.944381
B1800120.4 7 -21.332424 40.0 -15.727862 44.666972
B2100120.5 7 -11.433306 38.500038 -1.540118 45.081407
B1800480.3 7 -22.000042 155.010454 -20.0 160.133976
B2100450.1 7 -20.0 155.010454 -10.0 163.510034
B2100480.5 7 -10.839732 163.510034 -10.0 165.833373
B1800570.1 7 -22.09994 -168.099948 -20.0 -157.066607
B2100600.1 7 -18.366629 -160.000001 -2.499306 -150.902267
B2400600.2 7 -2.500072 -160.000001 0.0 -156.666668
B1800090.5 7 -21.101755 34.500801 -15.704714 40.0
