G2200538.1 16 -16.366634 179.354718 -16.352748 179.370068
G2170532.1 16 -17.617968 177.416283 -17.590248 177.450550
G3120896.1 16 14.005166 -61.014349 14.030203 -61.000001
G3120897.1 16 14.005166 -61.000001 14.030203 -60.984248
G3120897.2 16 14.068334 -60.960332 14.080002 -60.946167
G3060895.1 16 12.109535 -61.628331 12.128332 -61.600133
G3130897.1 16 14.615200 -60.899449 14.632367 -60.884286
G3040898.1 16 11.333333 -60.577646 11.345059 -60.544275
G3150895.1 16 15.289982 -61.398668 15.322432 -61.374182
G3030898.1 16 11.311687 -60.577646 11.333333 -60.544275
G3010893.1 16 10.621059 -62.098854 10.637719 -62.084978
G1050875.1 16 -54.819904 -68.327769 -54.796569 -68.267786
G1050875.2 16 -54.856405 -68.277583 -54.831275 -68.237009
G1070968.1 16 -54.058800 -37.154834 -54.052884 -37.144249
G1140903.1 16 -51.849618 -58.946350 -51.832134 -58.926966
G1140906.1 16 -51.699334 -57.895634 -51.666667 -57.780016
G1150906.1 16 -51.666667 -57.895634 -51.647350 -57.780016
G1300504.1 16 -46.600083 168.320049 -46.585916 168.333335
G1300505.1 16 -46.600083 168.333335 -46.585916 168.353385
G1320511.1 16 -45.883399 170.505085 -45.873403 170.528437
G1320511.2 16 -45.816452 170.623704 -45.807268 170.633968
G1340512.1 16 -45.138168 170.955003 -45.081669 171.000002
G1380550.1 16 -43.948333 -176.566666 -43.936392 -176.548345
G1390518.1 16 -43.615527 172.706962 -43.602819 172.734144
G1410441.1 16 -42.889577 147.331560 -42.876297 147.333335
G1410442.1 16 -42.889577 147.333335 -42.876297 147.345822
G1420443.1 16 -42.550432 147.914836 -42.536455 147.933035
G1460437.1 16 -41.067903 145.905416 -41.038463 145.938401
G1460438.1 16 -41.159170 146.160709 -41.142737 146.177291
G1460439.1 16 -41.193478 146.361365 -41.149372 146.375836
G1460440.1 16 -41.161831 146.814701 -41.128494 146.892512
G1460440.2 16 -41.171673 146.890004 -41.136682 146.934728
G1460519.1 16 -41.274999 173.240128 -41.248329 173.285411
G1460522.1 16 -41.286129 174.003333 -41.281234 174.008119
G1460524.1 16 -41.292186 174.777667 -41.252449 174.803786
G1460524.2 16 -41.317452 174.796833 -41.290784 174.823221
G1460524.3 16 -41.262283 174.890167 -41.249950 174.905716
G1500524.1 16 -39.953329 174.975007 -39.943331 175.000002
G1500525.1 16 -39.951562 175.000002 -39.943331 175.001665
G1510530.1 16 -39.487145 176.880752 -39.465475 176.935751
G1520522.1 16 -39.064995 174.000002 -39.029988 174.057665
G1530893.1 16 -38.808334 -62.310832 -38.774999 -62.241663
G1530439.1 16 -38.715996 146.437767 -38.698493 146.469628
G1530440.1 16 -38.685717 146.688824 -38.668207 146.701840
G1530527.1 16 -38.683046 175.816670 -38.676669 175.822834
G1530528.1 16 -38.693331 176.055000 -38.680003 176.071668
G1530533.1 16 -38.698758 177.983471 -38.668329 178.000002
G1530534.1 16 -38.699992 178.000002 -38.668329 178.033470
G1540903.1 16 -38.590980 -58.717424 -38.567345 -58.673274
G1540434.1 16 -38.361001 144.765201 -38.347449 144.781609
G1540434.2 16 -38.340170 144.737989 -38.333334 144.757805
G1540435.1 16 -38.394317 145.182987 -38.363488 145.239665
G1550907.1 16 -38.051288 -57.544819 -38.027962 -57.502302
G1550433.1 16 -38.117735 144.358151 -38.102739 144.371487
G1550433.2 16 -38.147667 144.359112 -38.137944 144.371335
G1550433.3 16 -38.270223 144.666322 -38.260186 144.666668
G1550434.1 16 -38.333334 144.737989 -38.320098 144.757805
G1550434.2 16 -38.270223 144.666668 -38.260186 144.681973
G1550435.1 16 -38.218519 145.028281 -38.204947 145.044644
G1560443.1 16 -37.906919 147.933553 -37.874987 147.994447
G1560531.1 16 -37.950001 177.005825 -37.937223 177.014172
G1580419.1 16 -37.164168 139.745857 -37.156008 139.757118
G1580524.1 16 -37.039690 174.823521 -37.036001 174.829340
G1590524.1 16 -36.845668 174.756000 -36.836834 174.786833
G1590524.2 16 -36.834499 174.772668 -36.827353 174.789000
G1590524.3 16 -36.935690 174.779351 -36.931535 174.789631
G1610524.1 16 -36.302352 174.800271 -36.283182 174.831018
G1630414.1 16 -35.611515 138.082013 -35.600009 138.097588
G1630416.1 16 -35.548207 138.679618 -35.531893 138.701657
G1640350.1 16 -35.050499 116.924667 -35.035502 116.947169
G1640353.1 16 -35.055001 117.875833 -35.026667 117.935003
G1640353.2 16 -35.011666 117.939168 -35.000000 117.960002
G1640452.1 16 -35.123218 150.702776 -35.116668 150.710507
G1640522.1 16 -35.314505 174.115838 -35.307493 174.126672
G1650060.1 16 -34.801775 20.054989 -34.795842 20.063523
G1650353.1 16 -35.000000 117.939168 -34.980831 117.960002
G1650407.1 16 -34.722599 135.863336 -34.712223 135.880467
G1650413.1 16 -34.964628 137.771655 -34.957940 137.784590
G1650452.1 16 -34.673282 150.854461 -34.666667 150.867553
G1650520.1 16 -34.993127 173.521667 -34.975002 173.541666
G1660057.1 16 -34.436943 19.222502 -34.431109 19.231113
G1660358.1 16 -34.428335 119.393333 -34.421666 119.405001
G1660452.1 16 -34.479282 150.883936 -34.445646 150.917358
G1660452.2 16 -34.424542 150.902832 -34.413713 150.914210
G1660452.3 16 -34.666667 150.854461 -34.664342 150.867553
G1670055.1 16 -34.208501 18.424308 -34.123747 18.495898
G1670055.2 16 -34.055767 18.343465 -34.046843 18.354187
G1670056.1 16 -34.155099 18.852120 -34.148491 18.860706
G1670516.1 16 -34.154417 172.130110 -34.144629 172.144932
G1670516.2 16 -34.160618 172.142607 -34.150831 172.153334
G1680365.1 16 -33.839455 121.929942 -33.827659 121.939545
G1680453.1 16 -33.872863 151.066988 -33.817302 151.185597
G1680453.2 16 -33.872777 151.243937 -33.797251 151.296845
G1680453.3 16 -33.875664 151.162052 -33.832837 151.250834
G1680453.4 16 -33.829811 151.025316 -33.813136 151.066988
G1680453.5 16 -33.818411 151.009213 -33.811747 151.025316
G1690054.1 16 -33.348468 18.141492 -33.343546 18.152768
G1690346.1 16 -33.638335 115.371670 -33.612498 115.403485
G1700053.1 16 -33.078322 17.945093 -33.000000 18.000000
G1700053.2 16 -33.022588 17.945002 -33.015557 17.956237
G1700054.2 16 -33.050243 18.034262 -33.043565 18.044221
G1700414.1 16 -33.183332 138.008892 -33.166665 138.018892
G1700454.1 16 -33.162230 151.627783 -33.152768 151.638347
G1710455.1 16 -32.946668 151.757785 -32.876767 151.810154
G1720413.1 16 -32.498133 137.749916 -32.484851 137.764855
G1730054.1 16 -32.093829 18.295277 -32.082222 18.309290
G1730347.2 16 -32.255043 115.671851 -32.185151 115.723813
G1730347.3 16 -32.071668 115.716666 -32.046670 115.753334
G1730347.4 16 -32.170001 115.756671 -32.133332 115.771670
G1730347.5 16 -32.185141 115.673977 -32.172157 115.689821
G1730400.1 16 -32.152203 133.635545 -32.146652 133.644705
G1820503.1 16 -29.071493 167.941966 -29.055776 167.963944
G1820503.3 16 -29.057273 167.982499 -29.045622 167.995836
G1830343.1 16 -28.781668 114.566670 -28.750606 114.616669
G1860342.1 16 -27.711669 114.154168 -27.697778 114.171670
G1870459.1 16 -27.462367 153.184046 -27.443168 153.208058
G1870459.2 16 -27.467958 153.045260 -27.438745 153.058098
G1870459.3 16 -27.451701 153.062446 -27.438297 153.089887
G1870459.4 16 -27.473402 153.030001 -27.461736 153.041786
G1870459.5 16 -27.482163 153.018333 -27.471484 153.030952
G1870459.6 16 -27.468157 153.239304 -27.460479 153.253321
G1870459.7 16 -27.438033 153.172057 -27.430358 153.183089
G1870459.8 16 -27.335376 153.081012 -27.333334 153.095416
G1870460.1 16 -27.646320 153.347729 -27.641266 153.354163
G1880459.1 16 -27.333334 153.081012 -27.323892 153.095416
G1930458.1 16 -25.545780 152.704058 -25.533938 152.720665
G1950340.1 16 -24.913334 113.626669 -24.880000 113.659999
G1950340.2 16 -24.904169 113.648611 -24.896528 113.653057
G1950457.1 16 -24.819999 152.356671 -24.766667 152.388333
G1950457.2 16 -24.866668 152.343334 -24.813335 152.375002
G1950457.3 16 -24.777776 152.376670 -24.749999 152.425280
G1980453.1 16 -23.858318 151.301967 -23.844755 151.333335
G2050494.1 16 -21.402586 164.940293 -21.391245 164.976960
G2050494.2 16 -21.350585 164.974956 -21.333334 164.993293
G2050503.1 16 -21.550993 167.868667 -21.543005 167.878835
G2060554.1 16 -21.146661 -175.199996 -21.116670 -175.158334
G2060494.1 16 -21.333334 164.974956 -21.327247 164.993293
G2080349.1 16 -20.666667 116.651627 -20.591483 116.666668
G2080350.1 16 -20.643131 116.723014 -20.558133 116.803017
G2080350.2 16 -20.666667 116.666668 -20.590349 116.730796
G2090355.1 16 -20.328613 118.559448 -20.258677 118.606293
G2100556.1 16 -19.813331 -174.380002 -19.800003 -174.350003
G2100444.1 16 -19.862088 148.063555 -19.844028 148.098320
G2160504.1 16 -17.759331 168.276337 -17.726813 168.320828
G2200624.1 16 -16.499332 -151.783333 -16.488716 -151.774310
G2210643.1 16 -16.065002 -145.638169 -16.049999 -145.616669
G2210370.1 16 -16.109607 123.607397 -16.101588 123.617483
G2220644.1 16 -15.845668 -145.139169 -15.816665 -145.104836
G2220644.2 16 -15.954169 -145.181502 -15.944668 -145.173166
G2230384.1 16 -15.466665 128.077726 -15.445018 128.107231
G2410659.1 16 -9.362496 -140.052996 -9.353332 -140.041170
G2410441.1 16 -9.480765 147.113706 -9.453332 147.158339
G2410479.1 16 -9.435568 159.951900 -9.421552 159.969336
G2430605.1 16 -8.966657 -158.053611 -8.957714 -158.044995
G2440377.1 16 -8.535245 125.679440 -8.526492 125.697003
G2490117.1 16 -6.858333 39.280817 -6.791650 39.324336
G2490441.1 16 -6.741939 147.004665 -6.736944 147.009670
G2510320.1 16 -6.120001 106.859165 -6.070835 106.919184
G2520974.1 16 -5.796560 -35.233199 -5.736554 -35.158191
G2530450.1 16 -5.550831 150.151391 -5.544164 150.156940
G2740312.2 16 1.405696 104.159030 1.415111 104.166111
G2740331.1 16 1.540557 110.360328 1.582116 110.418739
G2740331.2 16 1.541233 110.390337 1.560398 110.405337
G2740331.3 16 1.555587 110.334504 1.566161 110.362830
G2750331.1 16 1.741085 110.491667 1.756085 110.505278
G2760334.1 16 2.281244 111.663046 2.295164 111.666668
G2760334.2 16 2.169730 111.625555 2.174989 111.634171
G2760334.3 16 2.133113 111.515827 2.138052 111.519983
G2760335.1 16 2.277964 111.811155 2.294055 111.831709
G2760335.2 16 2.281249 111.666668 2.295164 111.673290
G2810601.1 16 3.842665 -159.381034 3.871982 -159.344982
G2810601.2 16 3.902849 -159.403928 3.918102 -159.388598
G2830310.1 16 4.566502 103.448336 4.610667 103.477222
G2841074.1 16 4.876365 -1.750830 4.895015 -1.729997
G2841074.2 16 4.928327 -1.708329 4.941667 -1.687841
G2840355.1 16 4.919671 118.564671 4.961663 118.595006
G2850345.1 16 5.260766 115.232971 5.280763 115.252970
G2900239.1 16 6.930001 79.832502 6.973748 79.864999
G2900366.1 16 6.891427 122.066800 6.908134 122.091820
G2910376.1 16 7.066523 125.620336 7.082081 125.635911
G2950830.1 16 8.596693 -83.195087 8.655029 -83.150638
G3010320.1 16 10.613218 106.849822 10.626544 106.864826
G3030857.1 16 11.220836 -74.258331 11.266667 -74.204166
G3050828.1 16 11.987180 -83.704052 12.000000 -83.690065
G3060828.1 16 12.000000 -83.704052 12.003848 -83.690065
G3060873.1 16 12.071844 -68.954666 12.138516 -68.910232
G3060875.1 16 12.145923 -68.280334 12.151833 -68.275334
G3070834.1 16 12.524999 -81.720832 12.587501 -81.674999
G3080134.1 16 12.772999 44.953832 12.816667 45.000000
G3080134.2 16 12.758117 44.890481 12.789319 44.934682
G3080135.1 16 12.772999 45.000000 12.816667 45.024333
G3230885.1 16 17.741668 -64.716666 17.769152 -64.683315
G3240883.1 16 18.186361 -65.646805 18.241360 -65.589304
G3240884.1 16 18.270993 -65.309250 18.317169 -65.250859
G3240328.1 16 18.226112 109.476667 18.246668 109.508889
G3250886.1 16 18.485109 -64.400499 18.518943 -64.354030
G3280611.1 16 19.621820 -156.008043 19.643104 -156.000001
G3280611.2 16 19.664843 -156.031944 19.666667 -156.021069
G3280612.1 16 19.621820 -156.000001 19.643104 -155.984992
G3290854.1 16 19.908882 -75.162504 19.927778 -75.140272
G3290867.1 16 19.796157 -70.707907 19.820041 -70.687069
G3300612.1 16 20.171763 -155.911718 20.197009 -155.892252
G3300613.1 16 20.081223 -155.455498 20.103482 -155.422173
G3300613.2 16 20.125879 -155.564738 20.132691 -155.554575
G3300613.3 16 20.099172 -155.473697 20.106036 -155.466307
G3300330.1 16 20.262500 110.218332 20.275558 110.250407
G3330606.1 16 21.283505 -157.905604 21.321282 -157.852818
G3330608.1 16 21.073425 -157.035646 21.089721 -157.022096
G3330608.2 16 21.076056 -157.256918 21.090067 -157.241592
G3330608.3 16 21.079064 -157.204106 21.093202 -157.191441
G3330609.1 16 21.031150 -156.883356 21.050469 -156.871388
G3330609.2 16 21.057198 -156.802631 21.073455 -156.789808
G3350601.1 16 21.937193 -159.365582 21.962131 -159.333335
G3350601.2 16 21.887252 -159.605561 21.908198 -159.572225
G3350601.3 16 21.987085 -159.344723 22.000000 -159.333335
G3350602.1 16 21.937193 -159.333335 21.961145 -159.328340
G3350602.2 16 21.987085 -159.333335 22.000000 -159.324749
G3360602.1 16 22.000000 -159.333335 22.001833 -159.325161
G3360340.1 16 22.234166 113.581390 22.243332 113.590556
G3411032.1 16 23.691910 -15.932357 23.703351 -15.918629
G3470358.1 16 25.979169 119.439725 25.991111 119.455834
G3480839.1 16 26.050365 -80.149768 26.142031 -80.070599
G3480382.1 16 26.199993 127.616654 26.289163 127.666668
G3480383.1 16 26.204193 127.666668 26.289163 127.696662
G3500839.1 16 26.764289 -80.053382 26.775363 -80.021994
G3520839.1 16 27.441661 -80.333334 27.491670 -80.250005
G3530788.1 16 27.811250 -97.223891 27.826109 -97.196547
G3531026.1 16 27.775001 -17.908334 27.790003 -17.889998
G3541028.1 16 28.075924 -17.120724 28.095923 -17.095725
G3541029.1 16 28.039667 -16.734000 28.054831 -16.707998
G3541037.1 16 28.199998 -14.032502 28.213334 -14.013331
G3540387.1 16 28.137951 129.305400 28.147836 129.319678
G3551031.1 16 28.443335 -16.269164 28.453330 -16.259164
G3551038.1 16 28.488333 -13.866667 28.503334 -13.844999
G3550363.1 16 28.651670 121.252502 28.661665 121.265834
G3561026.1 16 28.666667 -17.775001 28.683335 -17.750001
G3560363.1 16 28.836109 121.105004 28.843332 121.124443
G3600818.1 16 30.269674 -87.324280 30.333334 -87.237482
G3600822.1 16 30.158535 -85.761874 30.190245 -85.718818
G3610815.1 16 30.513334 -88.096667 30.528335 -88.078336
G3610818.1 16 30.333334 -87.324280 30.357170 -87.237482
G3660885.1 16 32.275401 -64.838265 32.310931 -64.765001
G3660885.2 16 32.317949 -64.841581 32.326916 -64.830285
G3670885.1 16 32.362502 -64.704983 32.405782 -64.666667
G3670886.1 16 32.362502 -64.666667 32.405782 -64.613332
G3690724.1 16 33.002293 -118.564743 33.016698 -118.550948
G3690727.1 16 33.197361 -117.434110 33.225139 -117.384111
G3691031.1 16 33.057001 -16.318166 33.067003 -16.308166
G3710725.1 16 33.694753 -118.295141 33.783353 -118.151060
G3710725.2 16 33.711324 -118.104627 33.738896 -118.052350
G3710399.1 16 33.944893 133.225794 34.000000 133.330776
G3720722.1 16 34.141668 -119.216669 34.155557 -119.200001
G3720396.1 16 34.164647 132.227193 34.211028 132.265829
G3740032.1 16 34.719375 10.760413 34.733976 10.783790
G3740074.1 16 34.991051 24.741309 34.997985 24.752382
G3740379.1 16 34.765600 126.368827 34.789232 126.406339
G3740383.1 16 34.786463 127.807585 34.800345 127.818693
G3751068.1 16 35.238846 -3.930673 35.253674 -3.913212
G3751071.1 16 35.259999 -2.941665 35.308331 -2.896666
G3750077.1 16 35.182423 25.712307 35.205864 25.736467
G3750078.1 16 35.197439 26.104026 35.213891 26.119311
G3760037.1 16 35.486269 12.592778 35.504662 12.611999
G3760070.1 16 35.495303 23.556329 35.509097 23.583139
G3760071.1 16 35.542066 23.773185 35.551379 23.790341
G3760072.1 16 35.358121 24.257257 35.370262 24.274047
G3760072.2 16 35.486945 24.057786 35.496666 24.078900
G3760072.3 16 35.516389 24.012370 35.523610 24.023621
G3760073.1 16 35.364526 24.463269 35.379111 24.489759
G3760075.1 16 35.333334 25.127810 35.366946 25.188368
G3760080.1 16 35.412735 26.913131 35.425046 26.939936
G3760081.1 16 35.503904 27.197299 35.537348 27.229827
G3771070.1 16 35.920277 -3.067776 35.953610 -3.007777
G3770031.1 16 35.814700 10.639017 35.831370 10.654668
G3770038.1 16 35.845580 12.854465 35.860363 12.878126
G3770081.1 16 35.748218 27.207019 35.762108 27.232054
G3770360.1 16 35.916944 120.155836 35.925556 120.166670
G3781063.1 16 36.090280 -5.454724 36.185272 -5.373058
G3781063.2 16 36.090413 -5.399944 36.185283 -5.333333
G3781063.3 16 36.000000 -5.630279 36.023612 -5.584721
G3780042.1 16 36.069632 14.256835 36.075402 14.264302
G3780042.2 16 36.027133 14.210666 36.031902 14.218118
G3780042.3 16 36.023332 14.296666 36.027668 14.305201
G3780042.4 16 36.044634 14.187951 36.049611 14.195565
G3780068.1 16 36.131952 22.987757 36.146117 23.000000
G3780068.2 16 36.324451 22.977758 36.331674 22.987757
G3780069.1 16 36.131952 23.000000 36.146117 23.005814
G3780069.2 16 36.221120 23.078594 36.227229 23.085257
G3780088.1 16 36.146977 29.587264 36.166089 29.608484
G3791060.1 16 36.596666 -6.341665 36.628745 -6.333333
G3791061.1 16 36.478613 -6.234165 36.511112 -6.175280
G3791061.2 16 36.362908 -6.231200 36.401118 -6.198881
G3791061.3 16 36.596666 -6.333333 36.628745 -6.301666
G3791066.1 16 36.657500 -4.457501 36.666667 -4.336665
G3790068.1 16 36.503982 22.963674 36.522376 22.991379
G3790069.1 16 36.489927 23.048595 36.515130 23.069856
G3790076.1 16 36.376689 25.402808 36.422246 25.443087
G3790077.1 16 36.334746 25.762539 36.347803 25.778373
G3790081.1 16 36.605865 27.123115 36.621732 27.149061
G3790083.1 16 36.613707 27.830305 36.628973 27.855248
G3790083.2 16 36.640062 27.826276 36.649505 27.837471
G3790083.3 16 36.546159 27.838021 36.554577 27.849582
G3790084.1 16 36.435981 28.218703 36.461979 28.246261
G3790362.1 16 36.374443 120.865279 36.377224 120.868056
G3800851.1 16 36.908484 -76.193556 36.952918 -76.159391
G3801066.1 16 36.666667 -4.457501 36.725000 -4.336665
G3801070.1 16 36.716392 -3.038331 36.750280 -3.000280
G3801072.1 16 36.750835 -2.610000 36.762500 -2.596668
G3801074.1 16 36.932129 -1.912764 37.000000 -1.851128
G3800020.1 16 36.883007 6.896646 36.896024 6.916640
G3800023.1 16 36.881660 7.737580 36.923874 7.814410
G3800035.1 16 36.829250 11.934076 36.841396 11.946899
G3800035.2 16 36.763549 11.954869 36.772050 11.971344
G3800035.3 16 36.823507 11.974385 36.835623 11.984894
G3800036.1 16 36.737061 12.030416 36.744898 12.040828
G3800036.2 16 36.791646 12.046825 36.798897 12.054973
G3800065.1 16 36.793976 21.693477 36.818802 21.728522
G3800065.2 16 36.910568 21.686336 36.923041 21.703355
G3800068.1 16 36.682131 22.827838 36.689418 22.840391
G3800069.1 16 36.681321 23.034419 36.690524 23.043921
G3800073.1 16 36.981585 24.649063 37.000000 24.666667
G3800073.2 16 36.719855 24.440218 36.726824 24.450991
G3800074.1 16 36.981585 24.666667 37.000000 24.681651
G3800075.1 16 36.698917 25.237802 36.728616 25.298217
G3800076.1 16 36.923371 25.587808 36.938093 25.608642
G3800076.2 16 36.861421 25.467806 36.872535 25.478360
G3800076.3 16 36.862809 25.505308 36.872952 25.511976
G3800077.1 16 36.819198 25.832812 36.841701 25.875039
G3800077.2 16 36.894037 25.945653 36.913840 25.978180
G3800080.1 16 36.930392 26.977280 36.954000 27.000000
G3800081.1 16 36.890601 27.277287 36.921933 27.306956
G3800081.2 16 36.930392 27.000000 36.954000 27.019501
G3800091.1 16 36.818501 30.596999 36.840501 30.622848
G3811062.1 16 37.330334 -6.000000 37.333334 -5.986165
G3811074.1 16 37.171945 -1.826113 37.187501 -1.807777
G3811074.2 16 37.000000 -1.912764 37.003604 -1.851128
G3810029.1 16 37.224063 9.795539 37.282393 9.903995
G3810029.2 16 37.137316 9.783846 37.196501 9.833834
G3810040.1 16 37.266668 13.516666 37.289193 13.560057
G3810041.1 16 37.075244 13.923481 37.106078 13.953002
G3810042.1 16 37.027293 14.241815 37.038676 14.261814
G3810042.2 16 37.058870 14.226770 37.070248 14.235101
G3810066.1 16 37.006963 22.099896 37.026793 22.132510
G3810069.1 16 37.258474 23.152499 37.273322 23.167417
G3810073.1 16 37.119754 24.512230 37.153368 24.541950
G3810073.2 16 37.000000 24.649063 37.001417 24.666667
G3810075.1 16 37.084481 25.146131 37.095591 25.157799
G3810076.1 16 37.101257 25.363913 37.112624 25.377803
G3810077.1 16 37.089761 25.789477 37.101150 25.799202
G3810079.1 16 37.322345 26.541960 37.325365 26.547112
G3810080.1 16 37.105599 26.817833 37.135327 26.866723
G3810081.1 16 37.271437 27.071728 37.310604 27.108950
G3810082.1 16 37.006245 27.413057 37.040418 27.444221
G3821062.1 16 37.351999 -6.000000 37.381446 -5.986165
G3821062.2 16 37.333334 -6.000000 37.351999 -5.986165
G3821076.1 16 37.506943 -1.292780 37.590280 -1.142779
G3821076.2 16 37.538611 -1.046113 37.603609 -1.000000
G3821077.1 16 37.538611 -1.000000 37.603609 -0.926111
G3820037.1 16 37.642054 12.574680 37.654247 12.593591
G3820039.1 16 37.497249 13.068279 37.506897 13.087149
G3820068.1 16 37.557836 22.776908 37.577619 22.809685
G3820069.1 16 37.632855 23.156217 37.642704 23.172636
G3820069.2 16 37.383030 23.246922 37.391338 23.260599
G3820070.1 16 37.572121 23.386755 37.587562 23.402004
G3820070.2 16 37.490758 23.448229 37.501008 23.465309
G3820070.4 16 37.351989 23.476992 37.357493 23.485832
G3820072.1 16 37.656988 24.293884 37.666667 24.333334
G3820073.1 16 37.385592 24.359442 37.420596 24.422777
G3820074.1 16 37.356708 24.851957 37.401708 24.893624
G3820074.2 16 37.428681 24.935689 37.443460 24.953308
G3820075.1 16 37.532333 25.149010 37.541794 25.163943
G3820075.2 16 37.651415 25.048809 37.657699 25.058493
G3820075.3 16 37.447038 25.322988 37.451502 25.330124
G3820078.1 16 37.606001 26.286056 37.623568 26.306941
G3820078.2 16 37.626833 26.172809 37.636891 26.188668
G3820079.1 16 37.558222 26.448493 37.592002 26.483447
G3820363.1 16 37.621943 121.129169 37.643054 121.167499
G3820364.1 16 37.542500 121.364168 37.573056 121.419446
G3830036.1 16 37.961127 12.066011 37.976114 12.095267
G3830036.2 16 37.927740 12.316589 37.942749 12.332367
G3830037.1 16 37.775217 12.429170 37.797616 12.449099
G3830037.2 16 37.981708 12.339045 37.990210 12.351715
G3830045.1 16 37.721107 15.203525 37.743635 15.224796
G3830045.2 16 37.817221 15.267694 37.839724 15.288965
G3830068.2 16 37.947817 22.952351 37.958933 22.964355
G3830068.3 16 37.975043 22.970240 37.983373 22.977742
G3830069.1 16 37.910593 23.047746 37.923930 23.059409
G3830069.2 16 37.916152 23.018464 37.923742 23.031775
G3830070.1 16 37.930879 23.592478 37.963376 23.647201
G3830070.2 16 37.926221 23.645609 37.943110 23.666667
G3830070.3 16 37.740594 23.417752 37.749150 23.431088
G3830070.4 16 37.762052 23.563587 37.771847 23.570047
G3830071.1 16 37.854086 23.715694 37.885682 23.751446
G3830071.2 16 37.926221 23.666667 37.943110 23.690613
G3830071.3 16 37.868419 23.712724 37.885641 23.735668
G3830071.4 16 37.907890 23.696280 37.923777 23.709000
G3830072.1 16 37.866156 24.006378 37.895877 24.055823
G3830072.2 16 37.666667 24.293884 37.679487 24.333334
G3830073.1 16 37.994078 24.391104 38.000000 24.424303
G3830074.1 16 37.832273 24.928064 37.850608 24.958898
G3830074.2 16 37.766161 24.950286 37.780882 24.981120
G3830074.3 16 37.872826 24.723893 37.888940 24.741116
G3830074.4 16 37.850608 24.776115 37.859770 24.788897
G3830080.1 16 37.745779 26.946502 37.765723 26.977280
G3830080.2 16 37.677835 26.934834 37.693003 26.960347
G3830080.3 16 37.794309 26.673864 37.802140 26.688772
G3830080.4 16 37.702832 26.697388 37.710500 26.711946
G3830362.1 16 37.817501 120.830834 37.825559 120.850559
G3841078.1 16 38.269166 -0.526111 38.333334 -0.442776
G3841078.2 16 38.154932 -0.618906 38.198821 -0.534468
G3840038.1 16 38.173894 12.729290 38.196401 12.750897
G3840038.2 16 38.023886 12.872618 38.046413 12.894158
G3840046.1 16 38.183963 15.550830 38.214870 15.580855
G3840046.2 16 38.111301 15.635416 38.133700 15.656972
G3840046.3 16 38.210940 15.619776 38.227337 15.637278
G3840061.1 16 38.196909 20.437944 38.208475 20.446077
G3840061.2 16 38.177922 20.484439 38.185936 20.494382
G3840061.3 16 38.297949 20.597035 38.303783 20.603795
G3840066.1 16 38.251153 22.066606 38.280791 22.116330
G3840070.1 16 38.029466 23.534473 38.039091 23.555907
G3840071.1 16 38.317276 23.777758 38.333334 23.810951
G3840073.1 16 38.000000 24.391104 38.013937 24.424303
G3840077.1 16 38.286454 25.920302 38.307397 25.940444
G3850994.1 16 38.500002 -28.633351 38.550014 -28.598352
G3851052.1 16 38.410335 -9.131334 38.448668 -9.066331
G3851052.2 16 38.640335 -9.084667 38.651168 -9.071331
G3851052.3 16 38.663668 -9.153277 38.666667 -9.134666
G3851078.1 16 38.333334 -0.526111 38.364166 -0.442796
G3850061.1 16 38.454145 20.574716 38.465682 20.587829
G3850070.1 16 38.441582 23.585224 38.471890 23.597167
G3850070.2 16 38.402558 23.629058 38.412724 23.640666
G3850072.1 16 38.361592 24.033870 38.396293 24.063595
G3850072.2 16 38.617950 24.119427 38.632730 24.132723
G3850076.1 16 38.522964 25.559462 38.546731 25.602793
G3850077.1 16 38.458954 25.909748 38.472292 25.942245
G3850078.1 16 38.360445 26.133883 38.380226 26.150688
G3850078.2 16 38.503817 26.212945 38.515906 26.228921
G3860850.1 16 38.932138 -76.499683 39.000000 -76.418072
G3861052.1 16 38.666667 -9.153277 38.680334 -9.134666
G3860000.1 16 38.678892 0.132225 38.690559 0.150556
G3860003.1 16 38.964998 1.282221 38.998057 1.310557
G3860004.1 16 38.860280 1.412222 38.925555 1.473335
G3860048.1 16 38.711334 16.107469 38.734080 16.148013
G3860067.1 16 38.883391 22.577727 38.917005 22.640223
G3860068.1 16 38.884163 22.815788 38.891970 22.829526
G3860068.2 16 38.755591 22.855187 38.758407 22.858519
G3860069.1 16 38.946323 23.082002 38.949065 23.084947
G3860073.1 16 38.839513 24.529437 38.850625 24.538049
G3860073.2 16 38.867912 24.571084 38.874027 24.585509
G3860073.3 16 38.837290 24.500267 38.841735 24.508884
G3860079.1 16 38.971420 26.366868 38.975360 26.375306
G3870850.1 16 39.000000 -76.499683 39.011002 -76.418072
G3870008.1 16 39.142204 2.910587 39.164151 2.953089
G3870024.1 16 39.132755 8.300628 39.155534 8.333333
G3870025.1 16 39.182282 8.362117 39.205055 8.402970
G3870025.2 16 39.040460 8.459459 39.063248 8.500282
G3870025.3 16 39.132755 8.333333 39.155534 8.341451
G3870051.1 16 39.070654 17.111854 39.107754 17.148303
G3870060.2 16 39.173881 20.199369 39.190204 20.212513
G3870060.3 16 39.222088 20.160708 39.233898 20.175240
G3870060.4 16 39.228593 20.128161 39.242364 20.139310
G3870061.1 16 39.259718 20.461036 39.281445 20.481285
G3870061.2 16 39.275443 20.386715 39.287564 20.407330
G3870061.3 16 39.233212 20.472994 39.243197 20.482928
G3870062.1 16 39.026176 20.864383 39.035655 20.874093
G3870069.2 16 39.148422 23.070512 39.155732 23.078620
G3870070.1 16 39.156566 23.472409 39.170066 23.503940
G3870070.2 16 39.159873 23.609049 39.169263 23.622299
G3870070.3 16 39.134790 23.637247 39.140067 23.646082
G3870071.1 16 39.118596 23.721971 39.136958 23.743832
G3870071.2 16 39.136017 23.862389 39.150792 23.876921
G3870071.3 16 39.081680 23.706361 39.084094 23.711422
G3870077.1 16 39.209666 25.845879 39.213788 25.854587
G3870078.1 16 39.326199 26.169747 39.333334 26.181689
G3870079.1 16 39.087002 26.544727 39.126226 26.582951
G3880986.1 16 39.434665 -31.137499 39.459668 -31.112500
G3880986.2 16 39.368000 -31.177498 39.386333 -31.155836
G3880986.3 16 39.661334 -31.117500 39.666667 -31.095832
G3881052.1 16 39.581999 -9.080502 39.593667 -9.070502
G3881079.1 16 39.383888 -0.333333 39.478888 -0.257776
G3880009.1 16 39.390001 3.248336 39.438335 3.288335
G3880010.1 16 39.530002 3.333333 39.543667 3.351665
G3880059.1 16 39.624392 19.890990 39.635058 19.922495
G3880060.1 16 39.482795 20.247440 39.503641 20.264195
G3880060.2 16 39.497771 20.199156 39.502410 20.222573
G3880068.1 16 39.333334 22.922632 39.363184 23.000000
G3880069.1 16 39.333334 23.000000 39.363184 23.018342
G3880078.1 16 39.333334 26.169747 39.340645 26.181689
G3890986.1 16 39.666667 -31.117500 39.676333 -31.095832
G3891079.1 16 39.923889 -0.026113 39.988852 -0.000000
G3890000.1 16 39.923889 0.000000 39.988852 0.098838
G3890001.1 16 39.828889 0.627222 39.918865 0.666667
G3890002.1 16 39.828889 0.666667 39.918865 0.713873
G3890008.1 16 39.785003 2.674998 39.821666 2.706666
G3890009.1 16 39.811104 3.109468 39.843883 3.171969
G3890010.1 16 39.699169 3.453335 39.716667 3.486666
G3890012.1 16 39.848333 4.253056 39.899721 4.333333
G3890012.2 16 39.895564 4.283935 39.928064 4.333333
G3890029.1 16 39.928572 9.686727 39.959335 9.717322
G3890058.1 16 39.703531 19.650940 39.724976 19.666667
G3890059.1 16 39.703531 19.666667 39.724976 19.699687
G3890059.2 16 39.854654 19.984451 39.878014 20.000000
G3890059.3 16 39.748437 19.936909 39.768153 19.957092
G3890059.4 16 39.732847 19.927840 39.750082 19.944681
G3890059.5 16 39.786280 19.907805 39.795721 19.919656
G3890059.7 16 39.789924 19.707012 39.795202 19.711696
G3890060.1 16 39.854654 20.000000 39.878014 20.024440
G3890078.1 16 39.829652 26.068981 39.837750 26.079500
G3901053.1 16 40.130502 -8.899667 40.165501 -8.834669
G3900025.1 16 40.279118 8.467842 40.293716 8.484652
G3900053.1 16 40.039841 17.940078 40.074021 18.000000
G3900054.1 16 40.039841 18.000000 40.074021 18.002131
G3900055.1 16 40.134828 18.484260 40.165740 18.515175
G3900058.1 16 40.318060 19.414649 40.333334 19.437970
G3900079.1 16 40.146215 26.396435 40.162881 26.411165
G3910001.1 16 40.603876 0.576354 40.625542 0.619689
G3910024.1 16 40.554851 8.274530 40.577336 8.319992
G3910044.1 16 40.635624 14.692516 40.666667 14.783470
G3910051.1 16 40.466672 17.219445 40.489177 17.257176
G3910051.2 16 40.436117 17.236113 40.450523 17.257333
G3910053.1 16 40.631670 17.926670 40.666667 18.000000
G3910054.1 16 40.631670 18.000000 40.666667 18.004705
G3910058.1 16 40.414598 19.468096 40.438225 19.497800
G3910058.3 16 40.333334 19.414649 40.333660 19.437970
G3910071.1 16 40.506049 23.822324 40.519291 23.841215
G3910071.3 16 40.391763 23.886351 40.402109 23.901076
G3910071.5 16 40.662877 23.693294 40.666667 23.710206
G3910076.1 16 40.467324 25.442776 40.487325 25.476941
G3920858.1 16 40.707611 -73.967641 40.743986 -73.914042
G3920028.1 16 40.902831 9.495501 40.947174 9.585275
G3920038.1 16 40.892303 12.956507 40.902770 12.976817
G3920041.1 16 40.742168 13.935256 40.752537 13.950856
G3920041.2 16 40.736473 13.851784 40.746838 13.866046
G3920041.3 16 40.747307 13.902617 40.755791 13.916874
G3920042.1 16 40.780667 14.213169 40.848167 14.333333
G3920042.2 16 40.788974 14.149854 40.819226 14.176211
G3920042.3 16 40.818132 14.094855 40.832757 14.121213
G3920042.4 16 40.811198 14.070827 40.829324 14.089311
G3920042.5 16 40.781472 14.077348 40.796105 14.095842
G3920042.6 16 40.764249 14.022329 40.772731 14.037934
G3920043.1 16 40.725689 14.436500 40.758958 14.466697
G3920043.2 16 40.687030 14.455421 40.720788 14.486188
G3920043.3 16 40.780667 14.333333 40.823861 14.343501
G3920043.4 16 40.780856 14.356665 40.788201 14.364904
G3920044.1 16 40.666667 14.692516 40.680642 14.783470
G3920053.1 16 40.666667 17.945134 40.672184 18.000000
G3920072.1 16 40.842060 24.306152 40.851869 24.324056
G3920072.2 16 40.862918 24.313777 40.871814 24.327245
G3920074.1 16 40.772609 24.684978 40.792328 24.719422
G3920075.1 16 40.954556 25.117210 40.965943 25.131513
G3920075.2 16 40.989000 25.117067 41.000000 25.131096
G3920077.1 16 40.813681 25.859002 40.847445 25.924204
G3930861.1 16 41.279346 -72.930470 41.299018 -72.902836
G3930863.1 16 41.283433 -72.103777 41.333334 -72.015890
G3930003.1 16 41.024722 1.168332 41.119724 1.256667
G3930003.2 16 41.014445 1.046113 41.079710 1.173861
G3930005.1 16 41.194723 1.765555 41.237223 1.853056
G3930005.2 16 41.187224 1.698889 41.220556 1.765555
G3930005.3 16 41.234820 1.859449 41.240546 1.868864
G3930006.1 16 41.266666 2.131665 41.333334 2.249999
G3930027.1 16 41.234454 9.186053 41.252734 9.206867
G3930028.1 16 41.156479 9.359996 41.218376 9.490720
G3930028.2 16 41.192303 9.391994 41.223250 9.457384
G3930028.3 16 41.131761 9.520475 41.145775 9.551995
G3930028.4 16 41.137893 9.502988 41.153824 9.518797
G3930028.5 16 41.074352 9.533537 41.090303 9.547758
G3930048.1 16 41.317345 16.274225 41.333334 16.305282
G3930050.1 16 41.123460 16.804990 41.160523 16.883319
G3940817.1 16 41.637058 -87.580093 41.666667 -87.548929
G3940817.2 16 41.657971 -87.602300 41.666667 -87.580093
G3940831.2 16 41.651248 -82.830768 41.662974 -82.805799
G3940831.3 16 41.511859 -82.966828 41.523590 -82.952911
G3940831.4 16 41.504296 -82.995830 41.516049 -82.985067
G3940831.5 16 41.442457 -83.000001 41.454190 -82.989747
G3940831.6 16 41.588415 -82.716753 41.596816 -82.700288
G3940831.7 16 41.508803 -82.754554 41.514529 -82.738069
G3940831.8 16 41.566997 -82.858570 41.572723 -82.850462
G3940831.9 16 41.493249 -82.834527 41.498992 -82.826465
G3940831.10 16 41.544692 -82.756309 41.550405 -82.748268
G3940831.11 16 41.467977 -82.820514 41.473738 -82.812411
G3940863.1 16 41.333334 -72.103777 41.383442 -72.074383
G3940863.2 16 41.381954 -72.103218 41.408430 -72.080589
G3940867.1 16 41.500807 -70.710145 41.534551 -70.666667
G3940868.1 16 41.500807 -70.666667 41.534551 -70.644191
G3940868.2 16 41.374555 -70.516076 41.391783 -70.496743
G3940868.3 16 41.452322 -70.602793 41.464018 -70.586196
G3940868.4 16 41.455391 -70.566110 41.464003 -70.549412
G3941053.1 16 41.653836 -8.864831 41.666667 -8.814832
G3940006.1 16 41.333334 2.131665 41.389169 2.249999
G3940026.1 16 41.626469 8.802330 41.647300 8.829002
G3940027.1 16 41.380476 9.135515 41.392613 9.166247
G3940037.1 16 41.431434 12.621531 41.458761 12.666667
G3940038.1 16 41.431434 12.666667 41.458761 12.672206
G3940048.1 16 41.333334 16.274225 41.351108 16.305282
G3950816.1 16 41.919257 -87.697542 41.956732 -87.666667
G3950816.2 16 41.953646 -87.717541 41.991122 -87.686128
G3950816.3 16 41.986814 -87.719016 42.000000 -87.703487
G3950816.4 16 41.885174 -87.668931 41.919257 -87.666667
G3950816.5 16 41.822149 -87.667430 41.859702 -87.666667
G3950817.1 16 41.705203 -87.556045 41.742687 -87.524682
G3950817.2 16 41.822149 -87.666667 41.859702 -87.635961
G3950817.3 16 41.805776 -87.609685 41.843267 -87.578374
G3950817.4 16 41.837597 -87.624959 41.875090 -87.593587
G3950817.5 16 41.747674 -87.568933 41.785174 -87.537571
G3950817.6 16 41.669768 -87.567011 41.707272 -87.535653
G3950817.7 16 41.885174 -87.666667 41.922705 -87.637487
G3950817.8 16 41.774952 -87.589599 41.812396 -87.558262
G3950817.9 16 41.911007 -87.643570 41.948503 -87.612071
G3950817.10 16 41.941090 -87.652807 41.975680 -87.621328
G3950817.11 16 41.666667 -87.602300 41.695397 -87.571044
G3950817.12 16 41.975675 -87.664043 42.000000 -87.632599
G3950817.13 16 41.853829 -87.640905 41.891313 -87.609512
G3950817.14 16 41.666667 -87.580093 41.674489 -87.548837
G3950817.15 16 41.883837 -87.611486 41.892802 -87.595682
G3950817.16 16 41.919257 -87.666667 41.956732 -87.666159
G3950830.1 16 41.971955 -83.264689 41.983688 -83.239542
G3950830.2 16 41.917819 -83.333334 41.929547 -83.323355
G3950831.1 16 41.666733 -82.812452 41.678461 -82.804258
G3950837.1 16 41.884645 -80.813724 41.925870 -80.773791
G3950865.1 16 41.775069 -71.413998 41.827195 -71.363125
G3950866.1 16 41.677860 -71.197793 41.738944 -71.132825
G3950866.2 16 41.703695 -71.167560 41.707308 -71.161731
G3951053.1 16 41.666667 -8.864831 41.703832 -8.814832
G3951053.2 16 41.895002 -8.892221 41.903335 -8.871112
G3950026.1 16 41.908131 8.728171 41.935636 8.774665
G3960830.1 16 42.266168 -83.161355 42.305315 -83.104678
G3960830.2 16 42.034491 -83.214883 42.046243 -83.189716
G3960831.1 16 42.018892 -82.736386 42.031045 -82.722866
G3960832.1 16 42.019458 -82.607376 42.031738 -82.593912
G3960834.1 16 42.251139 -81.916081 42.262724 -81.902714
G3960868.1 16 42.070954 -70.654480 42.087640 -70.628723
G3961053.1 16 42.221391 -8.794720 42.293889 -8.666667
G3961053.2 16 42.323334 -8.806668 42.333334 -8.760001
G3961054.1 16 42.221391 -8.666667 42.293889 -8.651387
G3960009.1 16 42.213930 3.098899 42.273881 3.215539
G3960009.2 16 42.022267 3.177234 42.063883 3.255548
G3960009.3 16 42.114442 3.135276 42.123890 3.151390
G3960035.1 16 42.085674 11.757407 42.108160 11.803891
G3960044.1 16 42.171177 14.704296 42.182182 14.716920
G3960046.1 16 42.114544 15.493156 42.127107 15.508756
G3960047.1 16 42.220116 15.739986 42.228993 15.755601
G3970836.1 16 42.651244 -81.216959 42.666667 -81.205148
G3970841.1 16 42.339616 -79.600321 42.349085 -79.590601
G3970867.1 16 42.575884 -70.712165 42.666667 -70.666667
G3970867.2 16 42.558416 -70.787010 42.575097 -70.766176
G3970868.1 16 42.575884 -70.666667 42.666667 -70.645162
G3970868.2 16 42.656982 -70.619110 42.663887 -70.608266
G3971053.1 16 42.486943 -8.887780 42.523887 -8.813057
G3971053.2 16 42.574721 -8.813891 42.624442 -8.763887
G3971053.3 16 42.553888 -8.884723 42.590834 -8.825279
G3971053.4 16 42.371668 -8.831668 42.403332 -8.773332
G3971053.5 16 42.546387 -8.993891 42.569722 -8.963058
G3971053.6 16 42.333334 -8.806668 42.348336 -8.760001
G3971053.7 16 42.592220 -8.939722 42.615558 -8.912220
G3970032.1 16 42.348162 10.918110 42.365638 10.931706
G3970033.1 16 42.389550 11.204273 42.407066 11.221225
G3970033.2 16 42.433431 11.112052 42.445813 11.132698
G3970042.1 16 42.453734 14.212177 42.476243 14.258992
G3970043.1 16 42.339815 14.401516 42.362554 14.444333
G3970054.1 16 42.652665 18.074444 42.666667 18.089443
G3970054.2 16 42.638502 18.110002 42.642389 18.114443
G3970392.1 16 42.645742 130.804616 42.653521 130.817393
G3970393.1 16 42.633801 131.076293 42.644357 131.085733
G3980836.1 16 42.666667 -81.216959 42.667794 -81.205255
G3980839.1 16 42.776110 -80.207223 42.791666 -80.188892
G3980841.1 16 42.864997 -79.604166 42.900004 -79.561670
G3980841.2 16 42.881669 -79.641668 42.908331 -79.595830
G3980841.3 16 42.842502 -79.588333 42.864997 -79.566670
G3980867.1 16 42.666667 -70.710395 42.671058 -70.666667
G3980868.1 16 42.666667 -70.666667 42.671058 -70.645162
G3981052.1 16 42.866669 -9.273335 42.929999 -9.215000
G3981052.2 16 42.891665 -9.203332 42.955000 -9.146665
G3981052.3 16 42.768890 -9.068315 42.792226 -9.038331
G3981052.4 16 42.723899 -9.012223 42.742219 -9.000000
G3981053.1 16 42.754718 -8.968063 42.778049 -8.938054
G3981053.2 16 42.783053 -8.951390 42.801392 -8.933893
G3981053.3 16 42.723899 -9.000000 42.742219 -8.988052
G3980030.1 16 42.734130 10.233778 42.752503 10.255029
G3980031.1 16 42.921416 10.533832 42.952223 10.565972
G3980041.1 16 42.949101 13.880715 42.967613 13.900048
G3980041.2 16 42.749320 13.966659 42.759566 13.984105
G3980053.1 16 42.819887 17.694372 42.838169 17.725521
G3980053.2 16 42.844872 17.691631 42.863731 17.709967
G3980053.3 16 42.859303 17.678284 42.866496 17.685766
G3980054.1 16 42.668778 18.122001 42.672195 18.129666
G3980054.2 16 42.666667 18.074444 42.667391 18.080568
G3980394.1 16 42.866856 131.382135 42.884357 131.404077
G3980396.1 16 42.982410 132.299100 42.998797 132.313825
G3980398.1 16 42.783510 132.859111 42.834720 132.917447
G3980399.1 16 42.724622 133.044951 42.766842 133.089619
G3980400.1 16 42.767672 133.339125 42.776007 133.350793
G3980400.2 16 42.829618 133.518296 42.835452 133.524685
G3980420.1 16 42.792383 140.227505 42.798495 140.240002
G3990840.1 16 43.269682 -79.871703 43.280156 -79.859170
G3990867.1 16 43.069778 -70.750002 43.085899 -70.698960
G3991074.1 16 43.313335 -1.945001 43.333334 -1.898334
G3990010.1 16 43.312295 3.528857 43.333334 3.568856
G3990016.1 16 43.164318 5.600590 43.180969 5.618916
G3990017.1 16 43.059832 5.875670 43.127302 6.000000
G3990018.1 16 43.059832 6.000000 43.116868 6.010641
G3990018.2 16 43.075111 6.153923 43.087305 6.163918
G3990018.3 16 43.111650 6.239923 43.120136 6.252913
G3990019.1 16 43.265142 6.623936 43.279303 6.643931
G3990019.2 16 43.261470 6.573917 43.275643 6.595595
G3990019.3 16 43.300648 6.628926 43.310574 6.646438
G3990019.4 16 43.118313 6.358256 43.128315 6.373266
G3990019.5 16 43.167975 6.532270 43.177999 6.546415
G3990041.1 16 43.308956 13.724956 43.319210 13.742550
G4000832.1 16 43.427001 -82.542937 43.433860 -82.532775
G4000840.1 16 43.434655 -79.674394 43.447129 -79.666667
G4000841.1 16 43.611115 -79.395001 43.633064 -79.354722
G4000841.2 16 43.539446 -79.589167 43.554998 -79.571665
G4000841.3 16 43.434314 -79.666667 43.445886 -79.659623
G4000850.1 16 43.433127 -76.551736 43.493676 -76.482781
G4001054.1 16 43.337501 -8.417004 43.433000 -8.333333
G4001054.2 16 43.426395 -8.380519 43.491794 -8.333333
G4001055.1 16 43.339663 -8.300511 43.438000 -8.208179
G4001055.2 16 43.430556 -8.301391 43.496611 -8.176501
G4001055.3 16 43.425555 -8.333333 43.490889 -8.257501
G4001055.4 16 43.337501 -8.333333 43.426395 -8.327499
G4001061.1 16 43.563052 -6.156308 43.577755 -6.142224
G4001062.1 16 43.556167 -5.971333 43.627166 -5.903334
G4001062.2 16 43.537225 -5.714631 43.632196 -5.666667
G4001063.1 16 43.537225 -5.666667 43.632196 -5.624720
G4001070.1 16 43.373333 -3.218331 43.388332 -3.203332
G4001074.1 16 43.378894 -1.696213 43.423905 -1.666667
G4001074.2 16 43.333334 -1.945001 43.358336 -1.898334
G4001075.1 16 43.378894 -1.666667 43.423905 -1.654531
G4000010.1 16 43.333334 3.528857 43.342294 3.568856
G4000010.2 16 43.417294 3.598861 43.427297 3.615524
G4000010.3 16 43.348959 3.528868 43.358132 3.540515
G4000010.4 16 43.442297 3.657196 43.448961 3.663859
G4000011.1 16 43.437297 3.690532 43.447291 3.698858
G4000014.1 16 43.391302 4.977890 43.409058 5.000000
G4000015.1 16 43.391302 5.000000 43.409058 5.062272
G4000020.1 16 43.505665 6.935592 43.528166 6.950602
G4000020.2 16 43.406816 6.769594 43.418975 6.784441
G4000020.3 16 43.532335 6.935271 43.538485 6.947763
G4000020.4 16 43.417498 6.744259 43.424496 6.754086
G4000020.5 16 43.419988 6.758597 43.427144 6.767758
G4000021.1 16 43.580666 7.119000 43.593165 7.137331
G4000021.2 16 43.558164 7.108934 43.566487 7.123934
G4000021.3 16 43.560664 7.071270 43.568981 7.085598
G4000021.4 16 43.650657 7.175596 43.658997 7.188932
G4000021.5 16 43.543995 7.009766 43.552320 7.022268
G4000021.6 16 43.533982 7.028936 43.546501 7.037268
G4000021.7 16 43.630318 7.133934 43.638154 7.143923
G4000040.1 16 43.605880 13.478752 43.639555 13.511020
G4000049.1 16 43.500279 16.426836 43.508335 16.443499
G4000049.2 16 43.534444 16.452944 43.539167 16.470446
G4000049.3 16 43.526666 16.462109 43.531806 16.474332
G4010814.1 16 43.792656 -88.447309 43.804397 -88.421511
G4010814.2 16 43.786934 -88.466769 43.798672 -88.452243
G4010814.3 16 43.796483 -88.454796 43.808198 -88.443748
G4010814.4 16 43.913427 -88.337576 43.918491 -88.333334
G4010815.1 16 43.913427 -88.333334 43.918491 -88.325181
G4010820.1 16 43.930040 -86.476504 43.959714 -86.431999
G4010843.1 16 43.843390 -78.940648 43.859127 -78.921732
G4010843.2 16 43.856184 -78.831444 43.871903 -78.814242
G4010845.1 16 43.944521 -78.171700 43.960237 -78.155037
G4010845.2 16 43.933407 -78.298650 43.949120 -78.285324
G4010881.1 16 43.826743 -66.129438 43.841742 -66.119438
G4010883.1 16 43.742520 -65.338334 43.771392 -65.333334
G4010884.1 16 43.736667 -65.333334 43.771392 -65.310832
G4010885.1 16 43.913859 -64.849414 43.927277 -64.832752
G4010021.1 16 43.672675 7.277277 43.707330 7.327932
G4010022.1 16 43.710669 7.392335 43.761167 7.494667
G4010023.1 16 43.799450 7.761156 43.822230 7.805005
G4010024.1 16 43.866667 8.008942 43.889167 8.056850
G4010030.1 16 43.847265 10.220727 43.881016 10.253061
G4010039.1 16 43.717508 13.214679 43.726405 13.232400
G4010039.2 16 43.848099 13.008978 43.857907 13.022528
G4010045.1 16 43.874027 15.219694 43.878475 15.227278
G4010045.2 16 43.888715 15.216088 43.890489 15.219201
G4010424.1 16 43.941901 141.607834 43.984092 141.653077
G4020835.1 16 44.173054 -81.647502 44.181115 -81.636668
G4020841.1 16 44.223108 -79.473707 44.228408 -79.464068
G4020841.2 16 44.255316 -79.542184 44.259825 -79.536116
G4020846.1 16 44.305188 -77.961436 44.311409 -77.951131
G4020848.1 16 44.007906 -77.138166 44.022108 -77.122831
G4020848.2 16 44.050272 -77.123263 44.057422 -77.114708
G4020848.3 16 44.031560 -77.134209 44.038712 -77.127734
G4020849.1 16 44.086669 -76.888335 44.101667 -76.866667
G4020881.1 16 44.190003 -66.183333 44.199276 -66.161670
G4020885.1 16 44.017371 -64.730491 44.062176 -64.666667
G4020027.1 16 44.298149 9.309957 44.320916 9.333333
G4020027.2 16 44.326684 9.210971 44.333334 9.224058
G4020027.3 16 44.301245 9.207935 44.307146 9.218647
G4020028.1 16 44.298149 9.333333 44.320916 9.354193
G4020028.2 16 44.265254 9.381974 44.274119 9.398072
G4020029.1 16 44.081821 9.804700 44.112482 9.873025
G4020030.1 16 44.016540 10.025518 44.038993 10.073482
G4020037.1 16 44.070399 12.564726 44.084714 12.583276
G4020037.2 16 44.201945 12.394715 44.213198 12.407441
G4020037.3 16 44.263350 12.350815 44.272921 12.363775
G4020045.1 16 44.011114 15.247557 44.023612 15.267003
G4030815.1 16 44.502922 -88.032228 44.534752 -88.000387
G4030846.1 16 44.366597 -77.787804 44.378536 -77.770866
G4030882.1 16 44.623784 -65.760810 44.635284 -65.747225
G4030882.2 16 44.657781 -65.758613 44.662219 -65.754697
G4030886.1 16 44.433302 -64.383109 44.455479 -64.337261
G4030887.1 16 44.512147 -64.251718 44.543530 -64.204090
G4030887.2 16 44.365517 -64.320247 44.377608 -64.295217
G4030889.1 16 44.625632 -63.568521 44.641739 -63.557143
G4030026.1 16 44.396673 8.682663 44.404025 8.691402
G4030036.1 16 44.419047 12.207655 44.459918 12.251428
G4030036.2 16 44.485708 12.279088 44.504498 12.326899
G4030036.3 16 44.459490 12.248753 44.496253 12.292093
G4030044.1 16 44.578777 14.946583 44.582556 14.953028
G4030044.2 16 44.599914 14.964971 44.603722 14.971776
G4030045.1 16 44.441500 15.049775 44.447334 15.055334
G4040836.1 16 44.984449 -81.254450 44.993934 -81.239908
G4040840.1 16 44.734752 -79.874841 44.766699 -79.843168
G4040840.2 16 44.749999 -79.901666 44.769999 -79.871667
G4040036.1 16 44.672436 12.226734 44.680280 12.259327
G4040044.1 16 44.751069 14.758831 44.760455 14.769111
G4040044.2 16 44.702521 14.889347 44.708613 14.898965
G4040044.3 16 44.988984 14.895333 44.993148 14.904336
G4040112.1 16 44.745979 37.361893 44.769315 37.393560
G4040113.1 16 44.700986 37.811342 44.727933 37.854815
G4040113.2 16 44.716543 37.773149 44.735153 37.816622
G4050836.1 16 45.239175 -81.302643 45.249314 -81.290004
G4050839.1 16 45.311451 -80.083290 45.333334 -80.027085
G4050839.2 16 45.307707 -80.119911 45.325391 -80.094734
G4050857.1 16 45.220417 -74.099998 45.226667 -74.081667
G4050887.1 16 45.064917 -64.173582 45.070955 -64.167377
G4050036.1 16 45.213800 12.267974 45.244803 12.333333
G4050040.1 16 45.315667 13.553582 45.324417 13.565779
G4050042.1 16 45.017612 14.045889 45.031222 14.059780
G4050042.2 16 45.129919 14.173114 45.134835 14.185250
G4050042.3 16 45.127058 14.182137 45.130804 14.189222
G4050043.1 16 45.321222 14.413667 45.333166 14.445335
G4050043.2 16 45.316499 14.447832 45.323165 14.458666
G4050043.3 16 45.219833 14.531446 45.227891 14.539778
G4050043.4 16 45.300943 14.543109 45.305667 14.548669
G4050043.5 16 45.299695 14.539778 45.302197 14.542555
G4050043.6 16 45.332056 14.408667 45.333334 14.413947
G4050109.1 16 45.256529 36.409368 45.318197 36.530205
G4050109.2 16 45.289869 36.459596 45.333333 36.545759
G4050110.1 16 45.217092 36.715205 45.224867 36.725200
G4060711.1 16 45.545947 -122.741208 45.575950 -122.695675
G4060833.1 16 45.528360 -82.041638 45.566729 -82.000001
G4060834.1 16 45.528360 -82.000001 45.566729 -81.991654
G4060838.1 16 45.553153 -80.508635 45.565927 -80.484760
G4060838.2 16 45.418229 -80.338868 45.426429 -80.333334
G4060839.1 16 45.333334 -80.083157 45.355821 -80.027884
G4060839.2 16 45.404520 -80.333334 45.428670 -80.313019
G4060839.3 16 45.352058 -80.300115 45.358758 -80.289820
G4060839.4 16 45.370873 -80.306905 45.377072 -80.297592
G4060852.1 16 45.390339 -75.706824 45.399399 -75.694754
G4060852.2 16 45.420159 -75.702160 45.428441 -75.693055
G4060852.3 16 45.382052 -75.702363 45.386792 -75.696967
G4060852.4 16 45.368048 -75.700797 45.372157 -75.694835
G4060856.1 16 45.562187 -74.378099 45.567283 -74.370469
G4060856.2 16 45.560551 -74.383089 45.565017 -74.376939
G4060857.1 16 45.459000 -74.144646 45.466537 -74.132037
G4060857.2 16 45.455945 -74.097760 45.462211 -74.087379
G4060857.3 16 45.397081 -74.026729 45.402961 -74.018373
G4060857.4 16 45.521893 -74.211735 45.526270 -74.205270
G4060857.5 16 45.494319 -74.176924 45.497488 -74.170444
G4060859.1 16 45.488331 -73.553333 45.508331 -73.541665
G4060887.1 16 45.386557 -64.329763 45.403613 -64.315827
G4060040.1 16 45.532406 13.649597 45.545215 13.666667
G4060040.2 16 45.525111 13.562499 45.529112 13.568943
G4060041.1 16 45.532406 13.666667 45.545215 13.667013
G4060109.1 16 45.333333 36.457562 45.373757 36.545759
G4060109.2 16 45.359033 36.621591 45.368200 36.635202
G4060110.1 16 45.335705 36.666666 45.345427 36.675755
G4070837.1 16 45.716722 -80.749870 45.781722 -80.666667
G4070837.2 16 45.731883 -80.673890 45.742257 -80.666667
G4070838.1 16 45.716722 -80.666667 45.781722 -80.594340
G4070838.2 16 45.764002 -80.599868 45.777058 -80.505700
G4070838.3 16 45.732194 -80.666667 45.746811 -80.649450
G4070879.1 16 45.970200 -66.894978 45.976496 -66.887374
G4070891.1 16 45.670901 -62.714057 45.679221 -62.697974
G4070891.2 16 45.946896 -62.753094 45.954387 -62.747169
G4071076.1 16 45.963974 -1.242969 45.980128 -1.220813
G4080827.1 16 46.309201 -84.008286 46.324484 -84.000001
G4080828.1 16 46.309201 -84.000001 46.324484 -83.971919
G4080860.1 16 46.028333 -73.143334 46.061111 -73.089724
G4080888.1 16 46.123386 -63.787722 46.138416 -63.766019
G4080888.2 16 46.240061 -63.712719 46.253413 -63.691021
G4080889.1 16 46.208868 -63.491041 46.215003 -63.487135
G4080892.1 16 46.047070 -62.546945 46.056560 -62.526447
G4080892.2 16 46.004449 -62.524250 46.011912 -62.513390
G4080892.3 16 46.013115 -62.611211 46.018726 -62.604558
G4080892.4 16 46.175833 -62.538100 46.180084 -62.534951
G4090809.1 16 46.663361 -90.054389 46.666667 -90.042848
G4090893.1 16 46.345883 -62.258473 46.350882 -62.245142
G4091075.1 16 46.333334 -1.439648 46.348979 -1.416332
G4090094.1 16 46.605945 31.515119 46.614544 31.535942
G4090094.2 16 46.598721 31.548500 46.604778 31.565112
G4100805.1 16 46.787610 -91.387814 46.795591 -91.380632
G4100806.1 16 46.852863 -91.106560 46.860851 -91.098182
G4100809.1 16 46.666667 -90.054389 46.674779 -90.042848
G4100816.1 16 46.824713 -87.731167 46.831504 -87.721580
G4100823.1 16 46.710064 -85.372173 46.719729 -85.354376
G4100825.1 16 46.757154 -84.969330 46.764783 -84.958740
G4100826.1 16 46.695231 -84.524601 46.708029 -84.511529
G4100864.1 16 46.678569 -71.883305 46.686597 -71.874546
G4100885.1 16 46.677850 -64.862710 46.683955 -64.856881
G4100921.1 16 46.968275 -52.949325 46.976336 -52.937657
G4100094.1 16 46.743999 31.456778 46.752833 31.470110
G4100094.2 16 46.763168 31.525108 46.770888 31.537331
G4100110.1 16 46.731557 36.757386 46.757947 36.785163
G4100114.1 16 46.700462 38.233518 46.761579 38.290180
G4100425.1 16 46.666666 141.808823 46.694629 141.861878
G4110825.1 16 47.027520 -84.791064 47.040304 -84.778618
G4110914.1 16 47.162414 -55.153038 47.169856 -55.140607
G4110914.2 16 47.191187 -55.128868 47.194527 -55.124163
G4110914.3 16 47.035001 -55.165001 47.036388 -55.163887
G4111072.1 16 47.291502 -2.529666 47.314002 -2.506335
G4111072.2 16 47.262331 -2.430167 47.282332 -2.409333
G4111072.3 16 47.249002 -2.359665 47.269002 -2.339666
G4110116.1 16 47.182146 38.940179 47.212703 38.971292
G4120711.1 16 47.523105 -122.706657 47.573251 -122.666668
G4120712.1 16 47.540953 -122.426186 47.644247 -122.333334
G4120712.2 16 47.523105 -122.666668 47.573257 -122.602275
G4120712.3 16 47.625506 -122.370765 47.658488 -122.333334
G4120712.4 16 47.655694 -122.438540 47.666667 -122.366513
G4120712.5 16 47.535463 -122.338711 47.544790 -122.333334
G4120713.1 16 47.625506 -122.333334 47.658488 -122.274445
G4120713.2 16 47.540953 -122.333334 47.616286 -122.315171
G4120713.3 16 47.509565 -122.333334 47.544820 -122.301280
G4120825.1 16 47.543961 -84.975261 47.568893 -84.946920
G4120825.2 16 47.371701 -84.714693 47.381153 -84.701336
G4120895.1 16 47.606673 -61.563333 47.613332 -61.551670
G4120903.2 16 47.584821 -58.981374 47.587690 -58.978160
G4120912.1 16 47.474982 -55.817467 47.489951 -55.790830
G4120918.1 16 47.418003 -53.831841 47.429596 -53.815031
G4120920.1 16 47.583333 -53.215000 47.589726 -53.206018
G4120921.1 16 47.553271 -52.714174 47.570773 -52.666667
G4120921.2 16 47.511614 -52.981827 47.528555 -52.959045
G4121069.1 16 47.641487 -3.450543 47.648989 -3.437207
G4121070.1 16 47.362818 -3.222705 47.380363 -3.210788
G4121070.2 16 47.344415 -3.164706 47.351159 -3.146344
G4121071.1 16 47.519490 -2.953994 47.585664 -2.885852
G4121072.1 16 47.340666 -2.527667 47.350669 -2.504331
G4130712.1 16 47.666667 -122.438540 47.688665 -122.366513
G4130712.2 16 47.702833 -122.583394 47.730886 -122.542592
G4130712.3 16 47.791004 -122.510227 47.800415 -122.491916
G4130825.1 16 47.939099 -84.916625 47.963996 -84.888300
G4130825.2 16 47.929469 -84.861296 47.939211 -84.824914
G4130870.1 16 47.838527 -69.877867 47.842591 -69.869953
G4130871.1 16 47.844610 -69.575647 47.851383 -69.562260
G4130882.1 16 47.780048 -65.717292 47.785638 -65.702292
G4130885.1 16 47.793335 -64.935557 47.803331 -64.921534
G4130885.2 16 47.800003 -64.876006 47.808334 -64.864338
G4130885.3 16 47.803382 -64.861622 47.811718 -64.851281
G4130886.1 16 47.786717 -64.664322 47.795050 -64.650386
G4130920.1 16 47.671392 -53.244445 47.676101 -53.236668
G4130920.2 16 47.687778 -53.221836 47.692302 -53.214059
G4130920.3 16 47.736058 -53.226012 47.739396 -53.221826
G4130920.4 16 47.681060 -53.236373 47.682626 -53.233784
G4131067.1 16 47.868235 -4.125124 47.885977 -4.105048
G4131068.1 16 47.767170 -3.676524 47.787308 -3.666667
G4131069.1 16 47.767170 -3.666667 47.787308 -3.638051
G4131069.2 16 47.757334 -3.618036 47.778989 -3.596658
G4140870.1 16 48.133609 -69.728614 48.143263 -69.711030
G4140883.1 16 48.031720 -65.492328 48.041720 -65.474358
G4140884.1 16 48.016317 -65.261805 48.024677 -65.250823
G4140885.1 16 48.281397 -64.725577 48.287929 -64.716361
G4140885.2 16 48.179873 -64.964635 48.185690 -64.956573
G4140918.1 16 48.167225 -53.964447 48.176670 -53.954447
G4141065.1 16 48.030644 -4.854744 48.047313 -4.837247
G4141066.1 16 48.276916 -4.556848 48.333334 -4.453732
G4141066.2 16 48.274460 -4.455324 48.333334 -4.370616
G4141066.3 16 48.272658 -4.601414 48.288487 -4.573907
G4141066.4 16 48.082815 -4.354716 48.109840 -4.333333
G4141067.1 16 48.296148 -4.315572 48.317331 -4.281056
G4141067.2 16 48.080675 -4.333333 48.109840 -4.315582
G4150709.1 16 48.406668 -123.460834 48.456668 -123.410001
G4150709.2 16 48.393892 -123.415001 48.443334 -123.364448
G4150709.3 16 48.441669 -123.433332 48.465001 -123.386670
G4150709.4 16 48.338054 -123.572779 48.348891 -123.554163
G4150812.1 16 48.408610 -89.227223 48.419442 -89.216114
G4150812.2 16 48.444444 -89.190835 48.453334 -89.179722
G4150812.3 16 48.352222 -89.235554 48.358889 -89.225005
G4150886.1 16 48.339207 -64.661108 48.348692 -64.651271
G4150886.2 16 48.411667 -64.397778 48.419467 -64.389431
G4150886.3 16 48.390242 -64.497999 48.396746 -64.488488
G4150887.1 16 48.618376 -64.209415 48.623405 -64.190962
G4150887.2 16 48.468376 -64.311000 48.476182 -64.302699
G4150919.1 16 48.370557 -53.360001 48.373331 -53.354997
G4150920.1 16 48.644949 -53.151818 48.654950 -53.102287
G4150920.2 16 48.510906 -53.077369 48.519952 -53.065706
G4150920.3 16 48.498008 -53.087094 48.507057 -53.075436
G4151065.1 16 48.349824 -4.793088 48.364494 -4.772254
G4151066.1 16 48.347651 -4.534417 48.398153 -4.423077
G4151066.2 16 48.333334 -4.556848 48.375667 -4.451392
G4151066.3 16 48.584163 -4.571420 48.605663 -4.510414
G4151066.4 16 48.333334 -4.453732 48.341911 -4.370616
G4151071.1 16 48.521849 -2.753048 48.544021 -2.705547
G4151071.2 16 48.592017 -2.829714 48.605023 -2.803891
G4151071.3 16 48.637858 -2.831398 48.652359 -2.808876
G4151072.1 16 48.626860 -2.493050 48.644523 -2.463884
G4151072.2 16 48.574519 -2.585214 48.585686 -2.562219
G4151074.1 16 48.664533 -1.864693 48.666667 -1.849027
G4160704.1 16 48.977026 -125.038637 48.992583 -125.010016
G4160709.1 16 48.789582 -123.606318 48.807916 -123.587987
G4160709.2 16 48.753149 -123.602987 48.769816 -123.584656
G4160886.1 16 48.988370 -64.406069 49.000000 -64.359396
G4160886.3 16 48.826233 -64.483671 48.833380 -64.471591
G4160886.4 16 48.823419 -64.445834 48.827484 -64.436109
G4160906.1 16 48.952792 -57.962392 48.966678 -57.932678
G4161068.1 16 48.711500 -3.986745 48.737344 -3.944427
G4161069.1 16 48.796347 -3.448066 48.810684 -3.425071
G4161069.2 16 48.825190 -3.500399 48.839518 -3.479739
G4161069.3 16 48.829351 -3.529737 48.841019 -3.509066
G4161069.4 16 48.729515 -3.471402 48.739020 -3.457069
G4161069.5 16 48.766510 -3.594232 48.773681 -3.583068
G4161070.1 16 48.778743 -3.242791 48.812348 -3.202523
G4161070.2 16 48.779002 -3.109667 48.806425 -3.082470
G4161070.3 16 48.778162 -3.050329 48.791649 -3.021754
G4161074.1 16 48.865037 -1.831708 48.875370 -1.809873
G4161074.2 16 48.666667 -1.864693 48.673036 -1.849027
G4170708.1 16 49.136667 -123.970836 49.234999 -123.867777
G4170708.2 16 49.128009 -123.821333 49.138896 -123.809390
G4170708.3 16 49.175138 -123.945364 49.183753 -123.934860
G4170710.1 16 49.289166 -123.041668 49.304999 -123.000001
G4170711.1 16 49.289166 -123.000001 49.304999 -122.995001
G4170877.1 16 49.319148 -67.599492 49.325334 -67.587015
G4170886.1 16 49.000000 -64.406069 49.010018 -64.359396
G4170913.1 16 49.135552 -55.348120 49.147700 -55.334260
G4170914.1 16 49.240276 -55.059724 49.252779 -55.041668
G4170919.1 16 49.116667 -53.612498 49.123616 -53.603617
G4170919.2 16 49.141390 -53.566949 49.144443 -53.560281
G4171073.1 16 49.150300 -2.145937 49.184281 -2.108110
G4171074.1 16 49.317221 -1.730215 49.333334 -1.697220
G4180708.1 16 49.509548 -123.991619 49.549828 -123.940557
G4180710.1 16 49.375003 -123.333334 49.390003 -123.313335
G4180721.1 16 49.503339 -119.591197 49.509996 -119.578333
G4180912.1 16 49.581920 -55.948684 49.588851 -55.936482
G4180912.2 16 49.600806 -55.914092 49.606613 -55.901320
G4180915.2 16 49.648892 -54.769447 49.652122 -54.764167
G4181072.1 16 49.445716 -2.546400 49.470548 -2.494286
G4181072.2 16 49.499046 -2.508054 49.508714 -2.483080
G4181074.1 16 49.632409 -1.682216 49.666667 -1.666667
G4181074.2 16 49.362222 -1.791384 49.380719 -1.768882
G4181075.1 16 49.632409 -1.666667 49.666667 -1.568063
G4181076.1 16 49.580742 -1.268874 49.591578 -1.251377
G4190706.1 16 49.755674 -124.579579 49.769259 -124.546956
G4190721.1 16 49.883337 -119.506285 49.892538 -119.494999
G4190909.1 16 49.854117 -56.799044 49.866231 -56.782092
G4190917.1 16 49.726025 -54.271163 49.730164 -54.259226
G4190917.2 16 49.724368 -54.286667 49.728507 -54.276067
G4191060.1 16 49.878932 -6.364284 49.988026 -6.333333
G4191061.1 16 49.878932 -6.333333 49.989066 -6.251214
G4191074.1 16 49.703223 -1.981730 49.736560 -1.928400
G4191074.2 16 49.666667 -1.682216 49.682900 -1.666667
G4191074.3 16 49.701871 -1.840243 49.714023 -1.823636
G4191075.1 16 49.666667 -1.666667 49.682900 -1.568063
G4191076.1 16 49.666667 -1.268879 49.677415 -1.251387
G4200697.1 16 50.010912 -127.395169 50.040076 -127.355450
G4200704.1 16 50.221485 -125.159717 50.258153 -125.089790
G4201063.1 16 50.100919 -5.550067 50.106766 -5.542148
G4201063.2 16 50.078916 -5.539666 50.084766 -5.531767
G4201063.3 16 50.115586 -5.534315 50.121452 -5.527667
G4201064.1 16 50.143333 -5.104168 50.172550 -5.038499
G4201064.2 16 50.010401 -5.271967 50.015933 -5.257033
G4201064.3 16 50.079915 -5.324264 50.085469 -5.315185
G4201066.1 16 50.315068 -4.657282 50.333334 -4.611465
G4201067.1 16 50.327900 -4.204985 50.333334 -4.118003
G4201067.2 16 50.177142 -4.274968 50.186717 -4.256586
G4201068.1 16 50.231417 -3.769833 50.244632 -3.755083
G4210697.1 16 50.588133 -127.592499 50.602026 -127.565836
G4210697.3 16 50.381474 -127.456114 50.384502 -127.451668
G4210701.1 16 50.572884 -126.245682 50.591463 -126.198180
G4211065.1 16 50.333334 -4.722749 50.351017 -4.675751
G4211065.2 16 50.333334 -4.761852 50.334768 -4.742433
G4211066.1 16 50.333334 -4.642034 50.350466 -4.611465
G4211066.2 16 50.343301 -4.459449 50.357236 -4.442084
G4211067.1 16 50.355160 -4.221464 50.400566 -4.175199
G4211067.4 16 50.397324 -4.212782 50.412736 -4.198316
G4211067.5 16 50.356752 -4.122484 50.369550 -4.107398
G4211067.6 16 50.364914 -4.175184 50.370382 -4.151685
G4211067.7 16 50.362623 -4.110892 50.370382 -4.101768
G4211069.1 16 50.394515 -3.521950 50.406718 -3.498802
G4211069.2 16 50.456168 -3.531299 50.463269 -3.523685
G4211069.3 16 50.614566 -3.427716 50.619781 -3.421719
G4211072.1 16 50.537235 -2.477984 50.625316 -2.386999
G4211072.2 16 50.566470 -2.444831 50.574565 -2.420000
G4211072.3 16 50.605579 -2.460151 50.613069 -2.436367
G4211073.1 16 50.610486 -2.231332 50.625900 -2.174665
G4211073.2 16 50.582020 -2.086351 50.596402 -2.060049
G4211073.3 16 50.614819 -2.253834 50.620568 -2.242517
G4220903.1 16 50.835541 -58.976461 50.846282 -58.965632
G4220912.1 16 50.877864 -55.906854 50.893106 -55.889917
G4221071.1 16 50.704915 -2.769319 50.711667 -2.761166
G4221074.1 16 50.710902 -1.778749 50.735298 -1.724732
G4221074.2 16 50.727800 -1.795885 50.732653 -1.775748
G4221075.1 16 50.772232 -1.443615 50.813635 -1.351436
G4221075.2 16 50.825902 -1.341431 50.837784 -1.333333
G4221076A.1 16 50.700068 -1.301432 50.740047 -1.274749
G4221076A.2 16 50.743565 -1.308268 50.774403 -1.276051
G4221076A.3 16 50.724149 -1.229788 50.742479 -1.199051
G4221076A.4 16 50.732855 -1.291768 50.746068 -1.279784
G4221076A.5 16 50.825903 -1.333333 50.833334 -1.319148
G4221076A.6 16 50.816835 -1.244767 50.818450 -1.239335
G4221076B.1 16 50.883220 -1.301452 50.915532 -1.249854
G4221076B.2 16 50.833334 -1.317281 50.861885 -1.301869
G4221076B.3 16 50.859721 -1.313919 50.888037 -1.295933
G4221076B.4 16 50.836034 -1.179586 50.850181 -1.166667
G4221076B.5 16 50.833334 -1.333333 50.837784 -1.319148
G4221076C.1 16 50.833334 -1.155634 50.842614 -1.086104
G4221076C.2 16 50.836034 -1.166667 50.850181 -1.151118
G4221076C.3 16 50.840770 -1.109786 50.845149 -1.094970
G4221076D.2 16 50.787235 -1.143153 50.816469 -1.086104
G4221076D.3 16 50.813401 -1.155634 50.833334 -1.086104
G4221076D.4 16 50.690085 -1.108952 50.697718 -1.088988
G4221078.1 16 50.785584 -0.557336 50.812872 -0.527301
G4221079.1 16 50.822336 -0.251545 50.836243 -0.198327
G4221079.2 16 50.822341 -0.287195 50.836233 -0.251545
G4221079.3 16 50.807798 -0.110216 50.815101 -0.090349
G4220000.1 16 50.771600 0.043081 50.799920 0.075700
G4220005.1 16 50.954167 1.836998 50.972477 1.871143
G4230909.1 16 51.201148 -56.776827 51.207527 -56.770062
G4230003.1 16 51.097750 1.291585 51.133150 1.333333
G4230003.2 16 51.067252 1.173281 51.087933 1.218214
G4230004.1 16 51.097750 1.333333 51.133150 1.358348
G4230004.2 16 51.323653 1.406984 51.333334 1.425269
G4240908.1 16 51.413733 -57.156487 51.417733 -57.148700
G4240913.1 16 51.347676 -55.600072 51.375527 -55.558130
G4241051.1 16 51.458667 -9.408698 51.495165 -9.367336
G4241070.1 16 51.432884 -3.199268 51.470467 -3.134900
G4241070.2 16 51.374818 -3.292098 51.406149 -3.234602
G4241071.1 16 51.486033 -2.785499 51.530485 -2.690435
G4241071.2 16 51.469235 -2.702724 51.492149 -2.666667
G4241072.1 16 51.447817 -2.666667 51.492149 -2.618001
G4241072.2 16 51.437153 -2.593851 51.455389 -2.546365
G4241072.3 16 51.444986 -2.627151 51.454202 -2.590483
G4240000.1 16 51.514166 0.078335 51.528167 0.100018
G4240000.2 16 51.493018 0.027064 51.500674 0.046901
G4240000.3 16 51.506665 0.000000 51.515834 0.013331
G4240001.1 16 51.381866 0.499682 51.415832 0.584115
G4240002.1 16 51.341700 0.728318 51.360035 0.765001
G4240002.2 16 51.432630 0.733399 51.451748 0.754086
G4240002.3 16 51.343885 0.803316 51.362219 0.823316
G4240002.4 16 51.382213 0.745510 51.395551 0.768338
G4240002.5 16 51.410002 0.731665 51.422502 0.748333
G4240003.1 16 51.362050 1.020132 51.368550 1.029801
G4240004.1 16 51.384569 1.368368 51.398569 1.384919
G4240004.2 16 51.354065 1.439083 51.361698 1.450100
G4240004.3 16 51.333334 1.421225 51.333900 1.425269
G4250549.1 16 51.803783 -176.839512 51.826391 -176.808450
G4250549.2 16 51.793338 -176.828429 51.799177 -176.803415
G4251048.1 16 51.913668 -10.358831 51.958666 -10.333333
G4251049.1 16 51.913668 -10.333333 51.958666 -10.264332
G4251064.1 16 51.722917 -5.299402 51.746768 -5.242735
G4251065.1 16 51.694915 -4.968933 51.705435 -4.940765
G4251072.1 16 51.711519 -2.488848 51.724283 -2.471331
G4260913.1 16 52.270049 -55.595657 52.278380 -55.578994
G4261058.1 16 52.252832 -7.120831 52.267836 -7.094169
G4261059.1 16 52.145919 -6.995748 52.150418 -6.988418
G4261060.1 16 52.244501 -6.355998 52.262000 -6.333333
G4261061.1 16 52.244501 -6.333333 52.262000 -6.322652
G4260003.1 16 52.031454 1.149925 52.053815 1.168251
G4260004.1 16 52.311204 1.658356 52.324141 1.666667
G4260005.1 16 52.311204 1.666667 52.324141 1.680344
G4270695.1 16 52.519500 -128.309357 52.528732 -128.289617
G4271051.1 16 52.624499 -9.512668 52.637086 -9.486081
G4271052.1 16 52.610336 -9.132331 52.630331 -9.094001
G4271059.1 16 52.390403 -6.957499 52.400335 -6.940836
G4270005.1 16 52.587534 1.721482 52.607302 1.730917
G4270005.2 16 52.570866 1.726482 52.588605 1.740683
G4270005.3 16 52.470635 1.733435 52.477582 1.761517
G4270005.4 16 52.472401 1.708436 52.478300 1.736502
G4280912.1 16 52.685555 -55.889724 52.689444 -55.880558
G4281067.1 16 52.915484 -4.137865 52.930301 -4.119534
G4280519.1 16 52.923357 173.233922 52.938755 173.270168
G4280522.1 16 52.709326 174.063601 52.717670 174.075961
G4291061.1 16 53.290500 -6.151848 53.307167 -6.116014
G4291066.1 16 53.303917 -4.659698 53.333334 -4.567834
G4291067.1 16 53.213600 -4.194512 53.226935 -4.157885
G4291068.1 16 53.279432 -3.884566 53.303583 -3.816251
G4291071.1 16 53.284951 -2.899702 53.293436 -2.836383
G4291071.2 16 53.323949 -2.764716 53.333334 -2.741385
G4290025.1 16 53.324998 8.479998 53.333334 8.496666
G4300912.1 16 53.483441 -55.770123 53.493947 -55.753598
G4301061.1 16 53.338169 -6.259332 53.354316 -6.148999
G4301061.2 16 53.334335 -6.167666 53.350998 -6.094514
G4301061.9 16 53.386667 -6.075166 53.397518 -6.057669
G4301066.1 16 53.333334 -4.659698 53.339303 -4.567834
G4301071.1 16 53.333334 -2.764716 53.343601 -2.741385
G4301072.1 16 53.423600 -2.430086 53.430270 -2.417416
G4301073.1 16 53.463266 -2.309768 53.476932 -2.259749
G4301079.1 16 53.570119 -0.093716 53.589218 -0.054149
G4300018.1 16 53.466488 6.164513 53.473792 6.169813
G4300025.1 16 53.333334 8.479998 53.339165 8.496666
G4300043.1 16 53.646665 14.616668 53.651668 14.624999
G4311070.1 16 53.912701 -3.018031 53.934951 -3.000000
G4311071.1 16 53.980719 -2.887099 54.000000 -2.834699
G4311071.2 16 53.912701 -3.000000 53.929989 -2.991969
G4311077.1 16 53.695316 -0.881748 53.703852 -0.862069
G4310032.1 16 53.936666 10.854999 53.963001 10.891666
G4310032.2 16 53.992340 10.801668 53.998334 10.815834
G4310032.3 16 53.894167 10.765499 53.899169 10.779166
G4310032.4 16 53.899332 10.762499 53.904166 10.769167
G4310034.1 16 53.893669 11.433331 53.911335 11.464998
G4310034.2 16 53.993338 11.438666 53.996550 11.446662
G4310042.1 16 53.875015 14.233331 53.941669 14.308319
G4310042.2 16 53.734663 14.046835 53.745500 14.058503
G4310042.3 16 53.745500 14.055172 53.752167 14.073503
G4310042.4 16 53.724164 14.276677 53.727499 14.289998
G4310043.1 16 53.836669 14.615549 53.845833 14.623331
G4310044.1 16 53.969446 14.761120 53.978332 14.771944
G4320689.1 16 54.301391 -130.254166 54.306669 -130.240000
G4321061.1 16 54.016834 -6.147148 54.041835 -6.051016
G4321061.2 16 54.091817 -6.279316 54.108481 -6.242649
G4321062.1 16 54.057066 -5.998149 54.062002 -5.985952
G4321070.1 16 54.087200 -3.239684 54.103836 -3.220981
G4321071.1 16 54.019101 -2.948048 54.041335 -2.908365
G4321078.1 16 54.281016 -0.393683 54.285048 -0.386084
G4321079.1 16 54.075834 -0.194034 54.085203 -0.173215
G4320030.1 16 54.310501 10.131167 54.330998 10.159167
G4320030.2 16 54.330831 10.165001 54.333334 10.177498
G4320032.1 16 54.054159 10.789995 54.109164 10.839999
G4320032.2 16 54.132663 10.943674 54.139332 10.951975
G4320036.1 16 54.175000 12.085334 54.187336 12.104168
G4320037.1 16 54.244667 12.425834 54.248332 12.432502
G4320037.2 16 54.292533 12.363333 54.295003 12.366669
G4320041.1 16 54.128260 13.760866 54.138258 13.772534
G4320041.2 16 54.309528 13.676667 54.314191 13.686666
G4320058.2 16 54.210826 19.358348 54.259991 19.415834
G4320058.3 16 54.166670 19.366685 54.210826 19.394965
G4320058.4 16 54.141637 19.371685 54.189999 19.400031
G4320058.5 16 54.322780 19.515557 54.330000 19.524443
G4330688.1 16 54.558591 -130.435885 54.563314 -130.428383
G4330689.1 16 54.393059 -130.268336 54.405000 -130.240000
G4331063.1 16 54.366833 -5.559335 54.376849 -5.545998
G4331063.2 16 54.456017 -5.441850 54.460650 -5.433351
G4331078.1 16 54.477316 -0.618367 54.504666 -0.605035
G4330027.1 16 54.469167 9.020000 54.476466 9.051667
G4330029.1 16 54.472002 9.832166 54.477667 9.858000
G4330029.2 16 54.468332 9.856331 54.475000 9.870832
G4330030.1 16 54.377665 10.160001 54.389999 10.176669
G4330030.2 16 54.417897 10.272501 54.423503 10.291666
G4330030.3 16 54.427268 10.165967 54.437122 10.175001
G4330030.4 16 54.333334 10.165001 54.338834 10.177498
G4330030.5 16 54.398668 10.210336 54.404832 10.221169
G4330030.6 16 54.579831 10.021500 54.586501 10.030833
G4330030.7 16 54.336582 10.155515 54.340999 10.161166
G4330030.8 16 54.373002 10.193332 54.376833 10.197833
G4330030.9 16 54.351583 10.175001 54.355166 10.179502
G4330030.10 16 54.350669 10.141166 54.352670 10.147000
G4330032.1 16 54.370665 10.979334 54.380170 10.992498
G4330033.1 16 54.353665 11.058335 54.358336 11.065502
G4330037.1 16 54.469167 12.519168 54.475835 12.540002
G4330037.2 16 54.444166 12.581669 54.450003 12.594166
G4330055.1 16 54.500002 18.500003 54.558890 18.568333
G4330055.2 16 54.352777 18.639999 54.426667 18.666667
G4330055.3 16 54.346947 18.655558 54.355278 18.666112
G4330056.1 16 54.352777 18.666667 54.426667 18.738333
G4330056.2 16 54.365557 18.771669 54.376665 18.784166
G4330056.3 16 54.598335 18.798332 54.605002 18.805000
G4330057.1 16 54.340085 19.237334 54.341668 19.239333
G4330058.1 16 54.372517 19.435854 54.381659 19.459134
G4330058.2 16 54.427223 19.597360 54.428471 19.599359
G4330059.1 16 54.625010 19.862236 54.655292 19.934188
G4330059.2 16 54.632798 19.934188 54.648983 20.000000
G4330059.3 16 54.490575 19.921406 54.501130 19.931410
G4330059.4 16 54.356941 19.671387 54.363055 19.678334
G4330060.1 16 54.645081 20.069733 54.666666 20.141395
G4330060.2 16 54.632798 20.000000 54.650301 20.078070
G4330060.4 16 54.611555 20.236403 54.620025 20.248350
G4341054.1 16 54.931666 -8.540332 55.000000 -8.425717
G4341064.1 16 54.958316 -5.034999 54.974985 -5.010834
G4341064.2 16 54.900003 -5.039434 54.915051 -5.014481
G4341076.1 16 54.671800 -1.213280 54.703832 -1.154136
G4340024.1 16 54.753333 8.291666 54.765002 8.308334
G4340025.1 16 54.690501 8.570001 54.695998 8.582000
G4340029.2 16 54.750836 9.856001 54.759168 9.878335
G4340029.3 16 54.676334 9.988998 54.683503 9.996669
G4340030.1 16 54.669834 10.029669 54.674501 10.037166
G4340055.1 16 54.720835 18.409166 54.729169 18.420000
G4340060.1 16 54.666666 20.141400 54.695584 20.213067
G4340060.2 16 54.678084 20.213067 54.694752 20.333333
G4340060.3 16 54.666666 20.069733 54.675577 20.141395
G4340060.4 16 54.953640 20.208051 54.962807 20.223610
G4340060.5 16 54.721966 20.005284 54.726970 20.010010
G4340061.1 16 54.686421 20.356400 54.709254 20.489733
G4340061.2 16 54.678084 20.333333 54.692246 20.356405
G4350593.1 16 55.051666 -162.330375 55.061622 -162.315904
G4350685.1 16 55.124387 -131.594696 55.134793 -131.560038
G4351054.1 16 55.000000 -8.540332 55.019252 -8.425717
G4351058.1 16 55.035003 -7.274998 55.053334 -7.238651
G4351065.1 16 55.238351 -4.880349 55.248768 -4.852333
G4351075.1 16 55.096734 -1.528298 55.144449 -1.466631
G4361063.1 16 55.418319 -5.605219 55.428884 -5.586567
G4361063.2 16 55.412468 -5.581369 55.423034 -5.562732
G4361065.1 16 55.624652 -4.857852 55.653284 -4.780514
G4361065.2 16 55.593001 -4.717734 55.616635 -4.673299
G4361065.3 16 55.543302 -4.701198 55.558084 -4.666667
G4361066.1 16 55.459985 -4.666667 55.476651 -4.627868
G4361074.1 16 55.653334 -1.811602 55.666667 -1.748002
G4361075.1 16 55.578333 -1.657201 55.591068 -1.634969
G4360041.1 16 55.422020 13.816658 55.428395 13.833997
G4371063.1 16 55.861638 -5.417782 55.871573 -5.390183
G4371063.2 16 55.994069 -5.452852 56.000001 -5.420284
G4371064.2 16 55.920882 -5.186150 55.933253 -5.160718
G4371064.4 16 55.929067 -5.201150 55.939883 -5.186735
G4371065.1 16 55.707435 -4.959548 55.779303 -4.845151
G4371065.2 16 55.938412 -4.729193 55.947750 -4.706218
G4371065.3 16 55.750418 -4.885171 55.758715 -4.872506
G4371065.4 16 55.998233 -4.801200 56.000001 -4.765133
G4371073.1 16 55.754699 -2.018250 55.773634 -2.000000
G4371073.2 16 55.869302 -2.097398 55.881999 -2.077648
G4371074.1 16 55.753593 -2.000000 55.773634 -1.963765
G4371074.2 16 55.666667 -1.811602 55.674482 -1.748002
G4381063.1 16 56.086502 -5.593734 56.117484 -5.517851
G4381063.2 16 56.000001 -5.452852 56.039565 -5.420284
G4381065.1 16 56.000001 -4.801200 56.019903 -4.765133
G4381065.2 16 56.048235 -4.827868 56.069882 -4.816185
G4381068.1 16 56.019586 -3.760001 56.047919 -3.666667
G4381069.1 16 56.001436 -3.466402 56.029715 -3.387869
G4381069.2 16 56.028806 -3.553714 56.042918 -3.509733
G4381069.3 16 56.019469 -3.338099 56.044597 -3.333333
G4381069.4 16 56.019586 -3.666667 56.047919 -3.666168
G4381070.1 16 56.019469 -3.333333 56.063252 -3.220249
G4380048.1 16 56.249869 16.041286 56.259095 16.059053
G4380049.1 16 56.261541 16.390260 56.270693 16.404410
G4390570.1 16 56.565601 -169.677004 56.573999 -169.666668
G4390571.1 16 56.565601 -169.666668 56.573999 -169.664003
G4390678.1 16 56.628262 -133.701937 56.644992 -133.672660
G4390678.2 16 56.664895 -133.746244 56.666667 -133.716723
G4390682.1 16 56.460787 -132.393358 56.476039 -132.376711
G4391061.1 16 56.608168 -6.073498 56.639499 -6.023448
G4391063.1 16 56.359849 -5.567798 56.447852 -5.465868
G4391072.1 16 56.536399 -2.601531 56.568698 -2.537133
G4390048.1 16 56.505247 16.174441 56.514415 16.196124
G4390049.1 16 56.339862 16.393581 56.358159 16.411943
G4390049.2 16 56.526524 16.362239 56.534824 16.378236
G4390062.1 16 56.511943 20.938887 56.558612 21.000000
G4390063.1 16 56.511943 21.000000 56.558612 21.047496
G4400678.1 16 56.666667 -133.746244 56.687501 -133.716723
G4400681.1 16 56.801059 -132.990068 56.817417 -132.957286
G4401064.1 16 56.681562 -5.296167 56.738049 -5.220605
G4401064.2 16 56.809865 -5.151202 56.845150 -5.099596
G4401064.3 16 56.683150 -5.192849 56.694817 -5.161181
G4401073.1 16 56.943832 -2.216948 56.976117 -2.168266
G4400063.1 16 56.877773 21.103608 56.916389 21.214719
G4400071.1 16 56.976668 23.874443 56.999999 24.000000
G4400072.1 16 56.942223 24.013890 56.999999 24.125002
G4410569.1 16 57.121194 -170.291281 57.132860 -170.274613
G4410673.1 16 57.045986 -135.356767 57.057971 -135.335100
G4411061.1 16 57.330549 -6.128751 57.333334 -6.062735
G4411062.1 16 57.265482 -5.771166 57.288835 -5.687816
G4411062.2 16 57.002836 -5.842334 57.015300 -5.813932
G4411062.3 16 57.214166 -5.667867 57.260515 -5.666667
G4411063.1 16 57.214166 -5.666667 57.260515 -5.624099
G4411073.1 16 57.128802 -2.097485 57.159781 -2.019450
G4410036.1 16 57.055757 12.266514 57.060333 12.274993
G4410049.1 16 57.257578 16.451367 57.274257 16.496030
G4410049.2 16 57.197302 16.472516 57.203598 16.479357
G4410069.1 16 57.331388 23.122235 57.333332 23.155555
G4410072.1 16 57.018332 24.000000 57.086108 24.138887
G4410072.2 16 56.999999 24.013890 57.031663 24.125002
G4410072.5 16 56.999999 24.000000 57.018332 24.003336
G4421061.1 16 57.401800 -6.204435 57.429299 -6.137769
G4421061.2 16 57.333334 -6.128751 57.358051 -6.062735
G4421062.1 16 57.571015 -5.988617 57.584836 -5.957799
G4421063.1 16 57.351719 -5.562585 57.364852 -5.539534
G4421067.1 16 57.483854 -4.241352 57.501935 -4.226378
G4421068.1 16 57.589083 -3.871667 57.597566 -3.855233
G4421074.1 16 57.489935 -1.797533 57.509451 -1.754935
G4420035.1 16 57.648334 11.699204 57.666667 11.855141
G4420068.1 16 57.504721 22.799165 57.516945 22.819719
G4420069.1 16 57.333332 23.122235 57.339167 23.155555
G4430622.1 16 57.769169 -152.435000 57.792499 -152.385002
G4431064.1 16 57.889669 -5.170932 57.900449 -5.140932
G4431067.1 16 57.680666 -4.180118 57.689966 -4.156598
G4431069.1 16 57.698483 -3.510302 57.708268 -3.485283
G4431069.2 16 57.707217 -3.444933 57.714653 -3.428448
G4431070.1 16 57.716674 -3.288482 57.729735 -3.266484
G4431071.1 16 57.671383 -2.985367 57.694102 -2.945134
G4431073.1 16 57.687933 -2.005534 57.698069 -2.000000
G4431074.1 16 57.685768 -2.000000 57.698069 -1.990102
G4430034.1 16 57.880643 11.574965 57.892137 11.600819
G4430035.1 16 57.666667 11.699204 57.696318 11.876834
G4430035.2 16 57.681135 11.876631 57.765230 12.000000
G4430036.1 16 57.725414 12.000000 57.764364 12.010788
G4430049.1 16 57.755537 16.637644 57.763049 16.652644
G4430073.1 16 57.741668 24.333333 57.758889 24.361109
G4441060.1 16 58.179667 -6.401165 58.223032 -6.347835
G4441061.1 16 58.189667 -6.322835 58.201336 -6.301167
G4441064.1 16 58.134666 -5.316350 58.155553 -5.235498
G4441069.1 16 58.108351 -3.656535 58.117215 -3.639867
G4440024.1 16 58.109192 8.101696 58.119991 8.114992
G4440034.1 16 58.016630 11.505796 58.031629 11.522164
G4440036.1 16 58.283159 12.281097 58.309431 12.317378
G4440036.2 16 58.262565 12.246042 58.286378 12.286442
G4440036.3 16 58.127884 12.108471 58.143187 12.130556
G4450666.1 16 58.606933 -137.682364 58.627717 -137.666668
G4450667.1 16 58.606933 -137.666668 58.626622 -137.646195
G4451064.1 16 58.448500 -5.098848 58.460352 -5.026683
G4451070.1 16 58.429419 -3.090684 58.447782 -3.038402
G4450017.1 16 58.404462 5.973510 58.462775 6.000000
G4450017.2 16 58.464440 5.843534 58.481091 5.886844
G4450017.3 16 58.501116 5.776903 58.507753 5.803520
G4450018.1 16 58.404462 6.000000 58.462775 6.008510
G4450026.1 16 58.434209 8.741324 58.478449 8.827283
G4450037.1 16 58.334479 12.343979 58.344110 12.355571
G4461069.1 16 58.922903 -3.359899 58.979316 -3.333333
G4461070.1 16 58.920401 -3.333333 58.979316 -3.223199
G4461070.2 16 58.814017 -3.218250 58.861020 -3.082002
G4461070.3 16 58.901715 -3.206302 58.921249 -3.162264
G4461071.1 16 58.967462 -3.000000 59.000001 -2.915730
G4460016.1 16 58.918179 5.567615 58.935421 5.611444
G4460016.2 16 58.994442 5.656840 59.000001 5.666667
G4460017.1 16 58.951113 5.711818 58.994437 5.771776
G4460017.2 16 58.849455 5.738776 58.879997 5.762387
G4460017.3 16 58.994442 5.666667 59.000001 5.681819
G4460041.1 16 58.710235 13.813362 58.721320 13.825656
G4460041.2 16 58.835502 13.964599 58.841523 13.984970
G4460052.1 16 58.827903 17.571639 58.857899 17.613291
G4460052.2 16 58.763235 17.467506 58.767088 17.482485
G4460052.3 16 58.741262 17.391653 58.746244 17.403291
G4471071.1 16 59.000001 -3.000000 59.040181 -2.900348
G4470015.1 16 59.140006 5.248473 59.151106 5.277928
G4470016.1 16 59.040850 5.384649 59.075557 5.455116
G4470016.2 16 59.000001 5.656840 59.004442 5.666667
G4470017.1 16 59.000001 5.666667 59.004442 5.681819
G4470028.1 16 59.136992 9.597574 59.213818 9.661728
G4470028.2 16 59.109695 9.602457 59.140836 9.651103
G4470031.1 16 59.255337 10.396338 59.268306 10.431139
G4470033.1 16 59.084410 11.219150 59.107249 11.300710
G4470054.1 16 59.296542 18.269459 59.311339 18.302566
G4470055.1 16 59.321685 18.353506 59.325381 18.360479
G4470055.2 16 59.323229 18.377137 59.325680 18.384411
G4480624.1 16 59.435634 -151.720253 59.439048 -151.712364
G4480625.1 16 59.596988 -151.436669 59.610765 -151.403923
G4481075.1 16 59.537169 -1.610015 59.545917 -1.592152
G4480015.1 16 59.402544 5.249719 59.422657 5.279672
G4480031.1 16 59.412852 10.631968 59.442854 10.666667
G4480031.2 16 59.652032 10.591954 59.666667 10.636952
G4480032.1 16 59.412852 10.666667 59.442854 10.675283
G4480055.1 16 59.412668 18.367666 59.419001 18.376893
G4480074.1 16 59.480499 24.908334 59.527167 25.000000
G4480074.2 16 59.459998 24.778332 59.506664 24.841667
G4480074.3 16 59.550832 24.740835 59.597164 24.803835
G4480074.4 16 59.448335 24.684168 59.493332 24.745001
G4480074.5 16 59.435001 24.718333 59.466664 24.808331
G4480075.1 16 59.480499 25.000000 59.527167 25.039999
G4480084.1 16 59.651605 28.202853 59.666666 28.333333
G4490030.1 16 59.712872 10.195285 59.757866 10.311930
G4490030.2 16 59.739534 10.161888 59.750381 10.205305
G4490031.1 16 59.666667 10.591954 59.691200 10.636952
G4490031.2 16 59.903724 10.636871 59.915360 10.659169
G4490031.3 16 59.812043 10.596948 59.822323 10.619654
G4490031.4 16 59.839541 10.637502 59.850920 10.651947
G4490031.5 16 59.779540 10.495283 59.788403 10.511945
G4490052.1 16 59.846548 17.639786 59.855882 17.651784
G4490060.1 16 59.946697 20.137484 59.973374 20.212487
G4490068.1 16 59.815092 22.939127 59.825940 22.970627
G4490068.2 16 59.805090 22.897633 59.812934 22.919285
G4490085.2 16 59.755223 28.433961 59.759108 28.445070
G4490089.1 16 59.961909 29.730902 59.992746 29.814241
G4490089.2 16 59.976351 29.668680 59.999999 29.752844
G4490089.3 16 59.918301 29.764517 59.938300 29.795351
G4490090.1 16 59.908305 30.220080 59.942477 30.310083
G4490090.2 16 59.929420 30.268136 59.959700 30.333333
G4490090.3 16 59.973864 30.174522 59.992751 30.193133
G4490090.4 16 59.881641 30.152859 59.890528 30.172859
G4490091.1 16 59.929420 30.333333 59.959700 30.351191
G4500624.1 16 60.049567 -151.669994 60.055886 -151.666668
G4500625.1 16 60.049403 -151.666668 60.055886 -151.660249
G4501074.1 16 60.324036 -1.681168 60.333334 -1.666667
G4501075.1 16 60.291998 -1.580016 60.313536 -1.531868
G4501075.2 16 60.324882 -1.666667 60.333334 -1.654465
G4501076.1 16 60.114086 -1.193266 60.212817 -1.072786
G4501076.2 16 60.123082 -1.327769 60.142684 -1.264800
G4500055.1 16 60.049434 18.583180 60.067897 18.600621
G4500055.2 16 60.166726 18.472506 60.173338 18.489154
G4500065.1 16 60.160424 21.696666 60.169758 21.718334
G4500068.1 16 60.091785 22.849602 60.102779 22.871743
G4500068.2 16 60.184285 22.863437 60.193449 22.885069
G4500080.1 16 60.081866 26.971425 60.086588 26.983087
G4500080.2 16 60.043256 26.961425 60.048534 26.971150
G4500081.1 16 60.046589 27.006703 60.051035 27.017258
G4500089.1 16 59.999999 29.668680 60.007186 29.752844
G4500089.2 16 60.173855 29.696716 60.189417 29.721171
G4511075.1 16 60.333334 -1.666667 60.335716 -1.654465
G4511076.1 16 60.340000 -1.039999 60.350002 -1.013331
G4511077.1 16 60.416669 -0.758333 60.428334 -0.721650
G4510055.1 16 60.335726 18.433361 60.345862 18.455172
G4510066.1 16 60.427621 22.196684 60.444296 22.236688
G4510066.2 16 60.445493 22.033336 60.459125 22.074998
G4510066.3 16 60.436795 22.151685 60.444296 22.169192
G4510080.1 16 60.408498 26.891336 60.496001 27.000000
G4510081.1 16 60.408498 27.000000 60.496001 27.017833
G4510084.1 16 60.477732 28.137514 60.547724 28.233630
G4520633.1 16 60.772743 -148.718778 60.794597 -148.666668
G4520634.1 16 60.772743 -148.666668 60.794597 -148.652167
G4521076.1 16 60.689825 -1.009166 60.704332 -1.000000
G4521077.1 16 60.726335 -0.868482 60.766133 -0.764284
G4521077.2 16 60.689825 -1.000000 60.704332 -0.984985
G4520014.1 16 60.802668 4.968353 60.829991 5.000000
G4520015.1 16 60.800010 5.000000 60.829991 5.050034
G4520015.2 16 60.788328 5.058305 60.803325 5.083340
G4520015.3 16 60.842508 5.054999 60.858323 5.073315
G4520051.1 16 60.674351 17.153292 60.699327 17.249892
G4520085.1 16 60.890966 28.621353 60.896571 28.624094
G4520085.2 16 60.880053 28.645340 60.883146 28.656962
G4520085.3 16 60.903936 28.610783 60.909351 28.619252
G4520086.1 16 60.828226 28.732382 60.835098 28.740104
G4520086.2 16 60.807917 28.735282 60.813180 28.738186
G4530064.1 16 61.112624 21.406572 61.140956 21.484906
G4530085.1 16 61.037040 28.396272 61.041912 28.405463
G4550015.1 16 61.767040 5.283269 61.775592 5.298573
G4570018.1 16 62.459603 6.111640 62.484631 6.226652
G4570053.1 16 62.624545 17.925953 62.645158 17.954030
G4590030.1 16 63.311352 10.160088 63.316372 10.166751
G4600031.1 16 63.422088 10.333333 63.467088 10.453051
G4610033.1 16 63.744709 11.280085 63.759727 11.316813
G4610034.1 16 63.779741 11.418464 63.801401 11.445146
G4610034.2 16 63.994736 11.460131 64.000001 11.501768
G4620034.1 16 64.000001 11.460131 64.018052 11.501768
G4630104.2 16 64.533444 34.843411 64.538448 34.862577
G4630104.3 16 64.524557 34.821744 64.530111 34.836743
G4630104.4 16 64.519556 34.808967 64.523998 34.821469
G4651037.1 16 65.027544 -14.229709 65.036372 -14.192483
G4661011.1 16 65.370542 -22.929890 65.371304 -22.928074
G4660036.1 16 65.424797 12.073625 65.508133 12.240126
G4671015.1 16 65.684175 -21.450869 65.691034 -21.437171
G4740043.1 16 68.214838 14.529636 68.254947 14.626291
G4750052.1 16 68.400002 17.333333 68.468333 17.488335
G4760921.1 16 68.704737 -52.889891 68.720800 -52.834506
G4760049.1 16 68.781649 16.538425 68.801651 16.560093
G4760098.1 16 68.941807 32.997060 68.976866 32.999999
G4760098.2 16 68.906804 32.997065 68.941883 32.999999
G4760098.3 16 68.976805 32.997054 68.999999 32.999999
G4760099.1 16 68.906804 32.999999 68.948472 33.082062
G4760099.2 16 68.941883 32.999999 68.983475 33.082052
G4760099.3 16 68.976866 32.999999 68.999999 33.082052
G4760099.4 16 68.970417 33.023727 68.984031 33.070394
G4770926.1 16 69.217111 -51.124077 69.233506 -51.072308
G4770926.2 16 69.070632 -51.145358 69.084569 -51.110099
G4770098.1 16 69.015139 32.997049 69.056806 32.999999
G4770098.2 16 68.999999 32.997054 69.015144 32.999999
G4770099.1 16 69.045142 33.125378 69.106811 33.333333
G4770099.2 16 69.015139 32.999999 69.056806 33.083385
G4770099.3 16 69.062924 33.314264 69.146258 33.333333
G4770099.4 16 68.999999 32.999999 69.015313 33.082052
G4770100.1 16 69.136817 33.405371 69.198762 33.640365
G4770100.2 16 69.062924 33.333333 69.146258 33.515948
G4770100.3 16 69.245483 33.563530 69.268819 33.623036
G4770100.4 16 69.045142 33.333333 69.062924 33.358729
G4780917.1 16 69.445649 -54.227090 69.457950 -54.193485
G4780056.1 16 69.633377 18.926813 69.666667 19.000000
G4780056.2 16 69.665042 18.851815 69.666667 18.883482
G4780057.1 16 69.633377 19.000000 69.666667 19.036815
G4780094.1 16 69.631232 31.350265 69.650676 31.436937
G4790056.1 16 69.666667 18.851815 69.703374 18.935149
G4790056.2 16 69.666667 18.956670 69.690872 19.000000
G4790057.1 16 69.666667 19.000000 69.698363 19.036815
G4800920.1 16 70.066101 -53.025025 70.086843 -53.000000
G4800921.1 16 70.066101 -53.000000 70.086843 -52.991511
G4800924.1 16 70.003733 -51.964208 70.014537 -51.930740
G4811013.1 16 70.410803 -22.000015 70.419711 -22.000000
G4811014.1 16 70.466133 -21.984609 70.486787 -21.885924
G4811014.2 16 70.410803 -22.000000 70.419711 -21.962834
G4820923.1 16 70.669570 -52.129763 70.677845 -52.114804
G4820070.1 16 70.675000 23.550001 70.699999 23.649999
G4880911.1 16 72.782211 -56.170317 72.795219 -56.137718
G4881004.1 16 72.875780 -25.119753 72.890104 -25.065227
G4891004.1 16 73.330200 -25.315979 73.333334 -25.293360
G4901004.1 16 73.333334 -25.315979 73.337360 -25.293360
G4921019.1 16 74.293337 -20.240798 74.300260 -20.213967
G5040046.1 16 78.223938 15.607360 78.229713 15.642705
G5040046.2 16 78.239627 15.532845 78.244626 15.552092
G5060035.1 16 78.926175 11.908237 78.932041 11.945627
G3470154.1 15 25.904798 51.566670 25.940000 51.631668
