C1020840.1 9 -53.07914 -77.000931 -52.0 -73.186908
C1020864.1 9 -56.000001 -75.499993 -52.166647 -69.000016
C1020864.2 9 -56.000001 -69.500024 -52.166647 -62.999985
C1020888.2 9 -53.000895 -62.050935 -52.0 -56.504464
C1020960.1 9 -55.090979 -38.534097 -53.666632 -35.166492
C1140840.1 9 -50.333361 -77.500024 -48.0 -73.000016
C1140840.2 9 -52.0 -77.000931 -50.322684 -76.000001
C1140852.2 9 -52.0 -76.000001 -50.20246 -73.186908
C1140864.1 9 -50.699836 -69.300008 -47.449972 -62.53367
C1140888.2 9 -52.0 -62.211948 -50.692191 -56.504464
C1260432.1 9 -44.115184 144.834731 -44.0 148.218083
C1260492.1 9 -47.333311 165.566676 -44.549999 168.000002
C1260492.3 9 -47.756694 166.999986 -47.333311 168.000002
C1260492.4 9 -47.348503 167.750059 -46.333318 168.000002
C1260504.1 9 -46.515072 170.583476 -43.20201 172.000002
C1260504.2 9 -47.000008 169.699979 -45.383348 171.200002
C1260504.3 9 -47.38334 168.000002 -46.333318 170.083346
C1260504.4 9 -44.641655 168.000002 -43.016693 170.499979
C1260504.5 9 -47.756694 168.000002 -47.348503 168.549998
C1260516.1 9 -46.516645 172.000002 -44.0 173.583339
C1260840.1 9 -47.166682 -77.000016 -44.0 -72.333319
C1260852.2 9 -48.0 -76.854384 -47.166682 -73.000016
C1380420.1 9 -42.998545 143.651363 -40.465181 145.57638
C1380420.2 9 -41.191681 143.13335 -40.0 148.000001
C1380432.1 9 -44.0 144.834731 -42.715179 148.000001
C1380432.3 9 -41.581823 146.501321 -40.081787 149.884674
C1380432.5 9 -42.766539 147.29302 -41.215114 148.000001
C1380444.1 9 -43.53183 148.000001 -41.215114 149.272177
C1380444.3 9 -44.0 148.000001 -42.741257 148.218083
C1380492.1 9 -44.640029 166.999986 -43.169175 168.000002
C1380504.1 9 -43.750022 169.366661 -41.166694 171.616695
C1380504.3 9 -42.466653 170.749982 -40.716661 172.000002
C1380504.4 9 -40.717907 170.966661 -38.933341 172.000002
C1380516.1 9 -43.966652 172.633312 -42.249991 174.149998
C1380516.2 9 -42.048329 173.91684 -40.281686 175.41668
C1380516.3 9 -41.316475 172.000002 -40.166741 174.100009
C1380516.4 9 -42.616686 173.333335 -41.466652 175.666683
C1380516.5 9 -40.373277 173.000139 -40.0 175.333671
C1380516.6 9 -44.0 172.000002 -43.201231 173.58163
C1380516.7 9 -42.05016 175.266409 -40.898595 177.599573
C1380516.8 9 -41.216659 175.094226 -40.0 175.599971
C1380516.9 9 -42.466653 172.000002 -41.285855 172.250005
C1380528.1 9 -41.099973 176.000002 -40.0 178.316685
C1380540.1 9 -44.533581 -177.943574 -43.398529 -175.500116
C1380840.2 9 -40.334889 -76.003114 -36.50199 -72.66975
C1380852.1 9 -44.0 -76.000001 -40.0 -72.333319
C1380876.1 9 -44.599977 -65.4197 -41.833351 -64.000001
C1380876.2 9 -42.131692 -65.251973 -40.499995 -64.000001
C1380888.1 9 -42.433303 -64.000001 -40.499995 -61.551965
C1380888.3 9 -44.599977 -64.000001 -42.067426 -62.819746
C1380900.1 9 -40.799946 -60.000001 -39.482323 -59.083544
C1500036.1 9 -36.102246 14.99913 -33.950186 20.0
C1500060.1 9 -36.903769 20.0 -36.0 24.0
C1500072.1 9 -36.903769 24.0 -34.936567 25.900237
C1500072.2 9 -36.263239 25.900237 -34.82068 28.0
C1500396.1 9 -36.284043 134.975816 -36.0 137.034746
C1500408.1 9 -38.000215 138.054293 -36.0 140.000001
C1500408.2 9 -38.896683 138.653057 -37.333334 141.783354
C1500408.3 9 -37.212225 136.190068 -36.0 138.340003
C1500420.1 9 -39.681857 141.526392 -38.190181 144.89302
C1500420.3 9 -40.0 143.13335 -39.681857 144.000001
C1500432.1 9 -40.0 144.000001 -38.241688 148.000001
C1500444.1 9 -38.564872 149.24117 -36.231492 151.166187
C1500444.2 9 -39.481844 146.334632 -37.798429 149.501306
C1500444.4 9 -40.081787 148.000001 -39.481844 149.183308
C1500516.1 9 -39.3315 172.637157 -36.791654 174.883468
C1500516.2 9 -37.249985 172.383308 -36.0 174.633343
C1500516.3 9 -40.0 173.000139 -39.206897 175.333793
C1500516.4 9 -40.511367 172.000002 -38.933341 173.000139
C1500516.5 9 -37.083319 174.596049 -36.0 176.000002
C1500516.6 9 -36.533315 174.324683 -36.0 175.813353
C1500516.7 9 -40.0 174.753706 -38.933341 175.599971
C1500516.8 9 -38.066683 175.483331 -37.082639 176.000002
C1500528.1 9 -38.066683 176.000002 -36.266676 178.999984
C1500528.2 9 -39.166956 177.816617 -37.316696 179.3167
C1500528.3 9 -40.0 176.716687 -39.040014 179.049972
C1500528.4 9 -37.082948 176.000002 -35.833344 176.666698
C1500852.2 9 -37.333334 -74.833357 -36.0 -71.333364
C1500888.1 9 -40.799946 -63.000168 -38.700104 -60.000001
C1500900.1 9 -39.666648 -60.000001 -37.916693 -57.000016
C1500900.2 9 -38.366651 -57.866667 -36.0 -56.000001
C1500912.2 9 -36.433316 -56.000001 -36.0 -54.333349
C1620036.1 9 -33.950186 13.098406 -32.0 16.0
C1620048.1 9 -34.618242 16.978287 -32.166928 18.999314
C1620048.3 9 -35.383349 17.165911 -33.750169 20.0
C1620048.4 9 -33.950186 16.0 -32.50024 16.978287
C1620048.5 9 -32.50024 16.0 -30.771214 18.499245
C1620060.1 9 -35.31144 21.99942 -33.750108 24.0
C1620060.2 9 -35.628391 20.0 -34.000147 22.582803
C1620060.3 9 -36.0 21.000076 -35.257271 24.0
C1620072.1 9 -35.056512 24.980118 -33.416814 27.633295
C1620072.2 9 -34.449995 26.999985 -32.0 28.0
C1620072.5 9 -35.297195 24.0 -33.750108 24.999527
C1620084.1 9 -34.82068 28.0 -31.500246 32.0
C1620336.1 9 -35.673875 114.122348 -33.682106 116.000001
C1620348.2 9 -35.88438 116.000001 -34.257123 118.248509
C1620360.1 9 -35.436114 117.845 -33.800186 120.974625
C1620384.1 9 -33.131962 130.949448 -31.451121 134.334693
C1620396.1 9 -34.998613 133.653347 -32.382514 135.6347
C1620396.3 9 -36.0 133.904571 -34.665263 136.000001
C1620396.4 9 -35.246926 135.791502 -34.264976 136.000001
C1620408.1 9 -34.925276 136.198979 -32.481665 138.122348
C1620408.2 9 -35.804498 136.000001 -34.264976 138.71568
C1620408.3 9 -36.0 138.340003 -35.483087 140.033022
C1620408.4 9 -36.0 136.000001 -35.246926 137.000688
C1620408.5 9 -36.0 136.976273 -35.658318 138.340003
C1620444.1 9 -36.802327 149.749479 -34.414822 151.674496
C1620444.2 9 -34.680527 150.582804 -33.081249 152.000001
C1620444.3 9 -33.183447 151.249685 -32.0 152.000001
C1620456.1 9 -33.289835 152.000001 -32.0 154.174656
C1620456.2 9 -34.685857 152.000001 -33.081249 153.50741
C1620504.1 9 -35.164721 171.686642 -33.600003 172.000002
C1620516.1 9 -35.525237 172.000002 -33.600003 173.183308
C1620516.2 9 -35.198131 173.183735 -33.960205 174.863327
C1620516.3 9 -36.0 174.316687 -34.630121 175.813353
C1620516.4 9 -36.0 172.395088 -35.198131 174.365211
C1620852.1 9 -36.0 -74.833357 -32.666683 -72.000001
C1620864.1 9 -36.0 -72.000001 -33.33649 -71.333364
C1620900.1 9 -36.0 -57.416648 -34.700027 -54.333349
C1620912.1 9 -35.333314 -54.999985 -33.66666 -52.0
C1620912.2 9 -33.66666 -53.664699 -32.0 -52.0
C1620924.1 9 -33.849991 -52.0 -32.0 -51.49804
C1620924.2 9 -32.650251 -51.49804 -32.0 -50.183872
C1740024.1 9 -30.783328 11.582696 -28.0 14.999069
C1740036.2 9 -29.699993 14.166659 -28.0 16.0
C1740036.3 9 -32.0 13.098406 -30.783328 15.499138
C1740036.4 9 -30.974355 14.999069 -29.483766 16.0
C1740036.5 9 -32.0 15.499138 -30.771214 16.0
C1740048.2 9 -30.771214 16.0 -29.217063 17.999176
C1740048.3 9 -29.483766 16.0 -28.0 17.166644
C1740084.1 9 -31.66673 29.333028 -28.228774 35.333852
C1740096.2 9 -29.375202 32.0 -28.0 33.387656
C1740336.1 9 -31.248818 113.522363 -28.521563 115.501458
C1740336.2 9 -33.682106 114.071627 -31.026024 116.05121
C1740444.1 9 -32.0 151.249685 -31.659229 154.174656
C1740456.1 9 -31.860885 152.499704 -29.331634 154.423012
C1740456.2 9 -29.415006 152.833022 -26.823294 154.757978
C1740492.1 9 -29.736914 167.06853 -28.650022 168.788344
C1740540.1 9 -31.583345 -179.299979 -28.916652 -177.333335
C1740852.1 9 -33.33649 -74.002473 -29.669552 -72.000001
C1740852.2 9 -30.338761 -73.502099 -26.586932 -72.000001
C1740864.2 9 -33.33649 -72.000001 -30.338761 -71.002366
C1740924.1 9 -32.0 -52.0 -29.950276 -50.183872
C1740924.2 9 -31.433858 -51.00084 -29.167209 -49.20058
C1740924.3 9 -29.501133 -49.833586 -28.0 -48.146914
C1860024.1 9 -27.449991 9.500023 -24.158952 13.833341
C1860036.2 9 -26.24753 13.355001 -24.0 15.249989
C1860036.3 9 -28.0 13.833341 -25.999972 15.854185
C1860036.4 9 -28.0 11.582696 -27.449991 13.833341
C1860096.1 9 -26.499972 34.000031 -24.0 36.0
C1860096.2 9 -27.616664 32.416694 -24.832854 34.3328
C1860096.3 9 -28.0 32.257389 -26.783338 33.387656
C1860108.2 9 -26.499972 36.0 -24.58336 36.083315
C1860336.1 9 -26.998653 112.305487 -24.161122 114.284643
C1860336.2 9 -29.115483 112.834792 -26.330419 114.813887
C1860444.1 9 -24.767798 150.499673 -24.0 153.439232
C1860456.1 9 -27.015115 152.701001 -24.365053 154.617656
C1860660.1 9 -24.333244 -139.249746 -20.466468 -133.141193
C1860864.2 9 -30.338761 -72.000001 -27.217181 -70.502541
C1860924.1 9 -27.466387 -49.050554 -25.083631 -48.0
C1860924.2 9 -28.0 -49.833586 -27.167515 -48.001099
C1860936.1 9 -25.333342 -47.933349 -24.0 -45.216694
C1860936.2 9 -27.371598 -48.0 -25.083631 -47.251393
C1980024.1 9 -24.166638 8.998123 -20.758295 12.0
C1980036.1 9 -24.0 12.938064 -21.66667 14.833051
C1980036.2 9 -21.913318 12.16669 -20.0 14.061677
C1980036.3 9 -24.158952 12.0 -20.758295 12.938064
C1980096.1 9 -22.416655 34.499977 -20.0 36.583322
C1980096.2 9 -24.0 34.999985 -22.416655 36.0
C1980120.1 9 -21.833329 42.666667 -18.781062 44.0
C1980156.1 9 -21.749993 54.666667 -20.0 58.349463
C1980336.1 9 -22.61538 114.001374 -20.0 115.980469
C1980336.2 9 -22.765313 112.510019 -20.027842 114.435036
C1980336.3 9 -24.9987 112.067995 -22.62237 113.97635
C1980336.4 9 -21.532039 115.484673 -20.0 117.417991
C1980348.2 9 -20.736189 117.151325 -20.0 119.130481
C1980348.3 9 -20.08382 118.837019 -16.850501 120.753675
C1980444.2 9 -22.524843 148.600352 -20.0 150.523783
C1980444.3 9 -24.0 150.499673 -22.99833 153.128253
C1980456.1 9 -23.256356 149.451501 -21.415246 152.83644
C1980480.1 9 -20.54646 163.6347 -20.0 164.000001
C1980492.1 9 -23.563869 165.003191 -21.538715 168.000002
C1980492.2 9 -21.538715 165.123065 -20.166792 168.000002
C1980492.3 9 -20.969895 164.000001 -20.0 165.379112
C1980492.5 9 -21.548454 164.391609 -20.912087 165.933197
C1980504.1 9 -24.0 168.000002 -20.616673 172.000002
C1980504.2 9 -21.416472 168.741529 -20.0 170.583598
C1980504.3 9 -22.213135 168.000002 -20.166792 168.326728
C1980516.1 9 -23.50694 172.000002 -21.4386 173.083331
C1980660.1 9 -23.416637 -140.000001 -17.666677 -137.833342
C1980852.1 9 -22.666429 -73.000077 -18.166492 -69.833769
C1980864.2 9 -27.217181 -73.00026 -22.666429 -69.833586
C1980936.1 9 -24.0 -45.750027 -22.666672 -43.016648
C1980936.2 9 -24.0 -47.933349 -23.666676 -45.644557
C1980948.1 9 -23.499996 -43.416678 -21.833329 -40.500008
C1980960.1 9 -22.199967 -41.250019 -19.583355 -39.416678
C2100012.1 9 -20.758295 7.499992 -16.999979 12.0
C2100036.1 9 -19.830828 12.0 -17.24255 13.000015
C2100036.2 9 -20.0 12.16669 -19.33332 13.454002
C2100096.1 9 -19.499992 34.583353 -18.33335 36.0
C2100096.2 9 -20.0 34.499977 -19.499992 36.0
C2100108.1 9 -19.000013 36.083315 -16.999979 39.166675
C2100108.3 9 -20.0 36.0 -18.33335 37.666652
C2100132.1 9 -18.950478 44.0 -15.964978 44.637705
C2100132.2 9 -16.666778 44.599314 -16.0 46.499733
C2100132.3 9 -21.011208 44.0 -18.781062 44.794446
C2100168.1 9 -20.0 55.261647 -19.38274 58.349463
C2100336.1 9 -20.0 114.001374 -19.437291 115.484673
C2100336.2 9 -20.0 115.484673 -19.38383 116.000001
C2100348.1 9 -20.0 117.151325 -17.518963 118.837019
C2100348.3 9 -20.0 116.000001 -18.33201 117.252767
C2100360.1 9 -19.998673 120.405464 -16.769756 122.38462
C2100360.2 9 -17.315247 121.115863 -16.0 124.000001
C2100372.1 9 -17.315247 124.000001 -15.698632 124.501413
C2100408.1 9 -17.050004 136.800001 -16.0 138.876815
C2100408.2 9 -17.766655 138.869979 -16.0 142.000032
C2100432.1 9 -18.773829 145.740567 -16.932133 148.000001
C2100432.2 9 -20.0 146.116489 -18.581663 149.499841
C2100444.2 9 -18.594744 148.000001 -16.932133 148.664196
C2100480.1 9 -20.0 163.504083 -19.793082 164.000001
C2100492.1 9 -20.37804 165.998201 -16.0 168.000002
C2100492.3 9 -20.0 164.000001 -19.793928 164.341804
C2100504.1 9 -18.483306 169.056963 -16.0 170.500711
C2100504.2 9 -20.0 168.499826 -18.483306 170.583598
C2100504.3 9 -18.71681 168.000002 -15.749813 169.08266
C2100504.4 9 -20.0 168.000002 -18.493169 168.757704
C2100528.1 9 -19.466647 176.549997 -16.0 178.999984
C2100528.2 9 -20.0 178.999984 -17.633339 179.999998
C2100528.3 9 -17.633339 178.985213 -16.0 179.999998
C2100540.1 9 -20.0 -180 -17.633339 -178.066684
C2100540.2 9 -23.000027 -177.000017 -16.333365 -172.500009
C2100540.3 9 -17.833337 -180 -15.469122 -177.800017
C2100612.1 9 -18.666644 -154.866683 -14.658328 -148.758314
C2100624.2 9 -18.232962 -148.758314 -16.0 -143.89154
C2100648.1 9 -18.700029 -144.000001 -16.0 -140.000001
C2100648.2 9 -23.416637 -142.000032 -18.700029 -140.000001
C2100660.1 9 -18.700029 -140.000001 -14.691683 -138.141697
C2100852.1 9 -17.799968 -74.300024 -16.0 -71.299978
C2100852.3 9 -16.361516 -74.915328 -16.0 -73.666652
C2100960.1 9 -19.750011 -39.950012 -16.999979 -38.116671
C2100960.2 9 -17.166696 -39.499993 -14.583322 -37.500023
C2220108.1 9 -17.916669 38.833357 -14.916695 40.96669
C2220108.3 9 -13.000027 39.833311 -12.0 41.749478
C2220120.1 9 -15.749995 40.0 -12.75149 41.749661
C2220120.4 9 -15.964978 43.351553 -14.659363 44.0
C2220120.5 9 -12.48686 42.916671 -12.0 44.0
C2220120.6 9 -18.950478 42.566385 -15.926743 44.0
C2220132.1 9 -16.0 44.0 -14.659363 46.499733
C2220132.2 9 -15.917668 46.499733 -13.616664 48.0
C2220132.3 9 -13.083328 44.0 -12.0 45.761868
C2220144.1 9 -13.616664 48.0 -12.0 49.877104
C2220144.2 9 -15.036009 48.0 -13.616664 48.320562
C2220360.1 9 -15.533329 121.166645 -12.233335 123.166675
C2220360.2 9 -15.698637 122.734601 -13.773585 124.000001
C2220360.3 9 -12.924976 122.699993 -10.974993 124.000001
C2220360.4 9 -14.113594 123.166675 -12.924976 124.000001
C2220360.5 9 -16.0 121.716458 -15.533329 124.000001
C2220360.6 9 -12.333361 120.250005 -12.0 122.699993
C2220372A.1 9 -15.698632 124.000001 -14.11359 125.864562
C2220372A.2 9 -14.890013 125.684567 -14.11359 126.000001
C2220372A.3 9 -14.11359 124.000001 -12.278967 126.000001
C2220372B.2 9 -12.924987 124.000001 -12.0 126.000001
C2220372C.1 9 -14.0 126.302435 -12.956918 128.000001
C2220372C.2 9 -12.956918 126.083315 -12.0 128.655468
C2220372C.3 9 -14.11359 126.000001 -12.175529 126.302435
C2220372D.1 9 -14.890013 126.000001 -14.0 128.000001
C2220384.1 9 -15.522357 128.655468 -12.215256 130.634563
C2220384.2 9 -14.890002 128.000001 -12.956925 128.814772
C2220384.3 9 -12.398508 130.601176 -12.0 132.916214
C2220384.5 9 -12.381608 128.398079 -12.0 130.601176
C2220384.6 9 -12.599561 130.634563 -12.398508 131.131397
C2220396.1 9 -16.080819 135.384635 -12.781926 136.000001
C2220396.2 9 -12.333361 133.534571 -12.0 135.635494
C2220408.1 9 -16.0 136.000001 -13.066658 137.363853
C2220408.2 9 -16.0 137.272787 -15.133332 139.916687
C2220408.3 9 -13.066658 135.633357 -12.0 137.613673
C2220408.4 9 -16.0 139.904175 -13.116665 141.883331
C2220420.2 9 -13.645036 140.488656 -12.0 142.467751
C2220420.3 9 -13.493475 142.46769 -12.0 144.000001
C2220420.4 9 -14.876807 143.251027 -12.998494 146.174595
C2220432.2 9 -17.246289 144.934342 -14.415989 146.857955
C2220492.1 9 -15.983609 166.33335 -12.966797 168.000002
C2220492.2 9 -16.0 165.998201 -14.249811 166.968431
C2220492.3 9 -12.222758 165.957063 -12.0 167.799925
C2220492.4 9 -18.71681 166.965562 -15.848679 168.000002
C2220504.1 9 -16.0 168.216802 -14.249811 170.500711
C2220504.2 9 -15.885778 168.000002 -13.101897 168.451485
C2220528.1 9 -16.0 178.35111 -15.469122 179.999998
C2220552.1 9 -14.440789 -173.05501 -12.976729 -172.000002
C2220564.1 9 -14.999973 -172.000002 -13.012901 -169.066485
C2220624.2 9 -16.0 -150.000459 -14.215718 -143.89154
C2220648.1 9 -16.0 -143.89154 -14.691683 -140.000001
C2220840.1 9 -14.866651 -77.899993 -12.0 -76.000001
C2220840.2 9 -16.566698 -76.666637 -14.82718 -76.000001
C2220852.1 9 -16.0 -76.000001 -14.583322 -73.666652
C2220960.1 9 -14.833628 -39.166675 -12.0 -37.333334
C2220960.3 9 -12.167778 -37.5776 -12.0 -35.665828
C2340108.1 9 -10.366658 38.999985 -8.0 41.149432
C2340120.1 9 -12.0 40.0 -9.999962 41.749478
C2340120.3 9 -12.0 42.916671 -11.299973 44.863905
C2340132.2 9 -13.616664 47.184986 -11.575276 48.0
C2340144.1 9 -12.0 48.0 -11.560761 49.863371
C2340144.2 9 -9.791656 50.704143 -9.102742 51.315542
C2340168.1 9 -10.504989 56.520699 -10.310614 56.730419
C2340312.1 9 -11.500021 104.125003 -9.500018 107.24999
C2340336.1 9 -9.417773 112.499398 -8.0 115.416679
C2340336.2 9 -9.249983 115.083361 -8.0 117.390647
C2340336.5 9 -8.833683 112.000001 -7.054612 112.750501
C2340348.1 9 -10.366719 116.000001 -8.499261 118.916672
C2340348.3 9 -8.540889 117.281332 -8.0 119.999696
C2340360.1 9 -10.176651 120.666698 -8.0 124.000001
C2340360.2 9 -12.0 120.250005 -10.383305 123.416679
C2340372.1 9 -10.000023 124.833327 -8.033639 127.962525
C2340372.2 9 -11.354191 123.416679 -8.250016 125.39553
C2340372.3 9 -11.466669 125.39553 -10.000023 127.350028
C2340372.4 9 -12.0 126.035738 -11.208044 128.808302
C2340372.5 9 -12.0 124.000001 -10.974993 126.083346
C2340372.6 9 -11.208044 127.350028 -9.680886 128.000001
C2340372.7 9 -8.250016 124.000001 -8.0 124.915787
C2340384.1 9 -11.216375 128.916641 -8.111097 130.895858
C2340384.2 9 -12.0 130.601176 -10.498589 133.534509
C2340384.5 9 -11.416664 128.000001 -9.680886 129.158344
C2340384.6 9 -12.0 128.477486 -11.216375 130.601176
C2340396.1 9 -12.0 132.000001 -9.500018 136.000001
C2340396.3 9 -9.16664 129.262288 -8.0 133.729825
C2340396.4 9 -8.633323 133.5646 -4.0 136.000001
C2340408.1 9 -12.0 136.000001 -9.725003 137.616664
C2340408.2 9 -9.91668 138.33335 -8.0 140.98018
C2340408.3 9 -9.000016 136.166691 -8.0 139.166126
C2340408.5 9 -10.082795 136.000001 -9.500018 136.750013
C2340420A.1 9 -12.0 140.488656 -10.565177 142.000001
C2340420A.2 9 -10.958798 140.751172 -8.998651 142.000001
C2340420C.1 9 -10.0 142.000001 -8.998651 143.535517
C2340420C.2 9 -8.998529 143.002427 -7.459126 144.000001
C2340420C.3 9 -10.877532 143.267751 -8.9152 144.000001
C2340420D.1 9 -12.0 142.46766 -10.877532 144.000001
C2340420D.2 9 -10.958798 142.000001 -10.0 143.278372
C2340420D.4 9 -12.0 142.000001 -10.933645 142.467721
C2340432.1 9 -10.877544 144.000001 -8.915206 146.397926
C2340432.2 9 -10.548567 145.554346 -8.0 147.334342
C2340432.4 9 -11.144675 147.067675 -9.381812 148.000001
C2340432.5 9 -12.999475 144.000001 -10.877544 144.390998
C2340444A.1 9 -11.144661 148.000001 -10.0 149.882934
C2340444A.2 9 -11.592029 149.684201 -9.849973 150.000001
C2340444B.2 9 -10.0 148.000001 -9.381804 149.738095
C2340444C.1 9 -9.849973 148.999986 -8.080285 151.81555
C2340444C.2 9 -10.0 151.499994 -8.683337 152.000001
C2340444D.1 9 -11.592029 150.000001 -10.0 152.000001
C2340456.1 9 -12.0 152.000001 -10.264868 154.912827
C2340456.2 9 -10.450006 152.000001 -8.683331 154.315527
C2340468.1 9 -9.856098 158.211034 -7.139649 159.983827
C2340468.2 9 -9.173494 156.769361 -8.0 158.457681
C2340468.3 9 -8.615181 156.000001 -8.0 156.979631
C2340468.4 9 -10.109161 159.598201 -8.0 160.000001
C2340480.1 9 -10.989111 160.800917 -8.281365 162.573954
C2340480.2 9 -10.248886 160.000001 -8.0 161.113544
C2340492.1 9 -12.0 165.241842 -9.415755 167.799925
C2340540.1 9 -8.967993 -180 -7.89756 -179.498834
C2340564.1 9 -10.166644 -172.000002 -8.0 -170.308325
C2340648.1 9 -11.800008 -141.300009 -8.0 -137.883331
C2340828.1 9 -10.216675 -80.800001 -8.203081 -80.000001
C2340828.2 9 -8.450026 -81.800016 -6.433308 -80.000001
C2340840.1 9 -12.0 -79.466667 -10.083344 -76.500008
C2340840.2 9 -10.216675 -80.000001 -8.200013 -77.833342
C2340960.1 9 -12.0 -37.749173 -9.501118 -35.665828
C2340972.1 9 -10.000572 -35.933898 -7.083914 -34.083589
C2460024.1 9 -7.033351 11.246449 -4.413354 12.966507
C2460108.1 9 -7.650019 38.633341 -4.433306 40.750012
C2460108.2 9 -4.502828 38.999985 -4.0 40.0
C2460108.3 9 -8.0 38.999985 -7.600615 40.0
C2460120.2 9 -5.41666 40.0 -4.0 41.083208
C2460120.3 9 -8.0 40.0 -7.199397 41.149432
C2460156.1 9 -5.343689 53.93222 -4.0 56.581796
C2460156.2 9 -5.95602 53.432945 -5.451981 53.841886
C2460204.1 9 -7.833347 70.653911 -4.578461 72.833326
C2460300.1 9 -6.601087 100.833327 -4.0 105.16756
C2460300.2 9 -7.633349 101.641017 -6.601087 104.000001
C2460312.2 9 -5.277555 105.810026 -4.0 108.000001
C2460312.3 9 -6.607795 104.715527 -5.135546 107.016221
C2460312.4 9 -7.633349 104.000001 -6.548826 106.06003
C2460312.5 9 -6.749973 106.499978 -5.277555 108.762464
C2460312.7 9 -6.858347 104.991654 -6.499975 105.666896
C2460324.1 9 -8.833683 108.333258 -6.750095 112.000001
C2460324.2 9 -7.138005 108.366645 -5.666246 110.674724
C2460324.3 9 -5.666673 108.762464 -4.0 110.716656
C2460324.4 9 -7.054917 110.463051 -5.583164 112.000001
C2460324.5 9 -5.358418 108.000001 -2.39716 108.830946
C2460336.1 9 -7.800021 112.750501 -6.330515 114.799604
C2460336.2 9 -4.734844 112.205021 -3.000014 114.85002
C2460336.3 9 -7.054612 112.000001 -5.583164 113.085162
C2460336.4 9 -5.166665 114.550028 -4.0 116.000001
C2460336.5 9 -7.786215 114.99907 -5.999794 116.000001
C2460336.6 9 -8.0 113.941925 -6.744121 115.457512
C2460336.7 9 -6.041123 115.131885 -5.166665 116.000001
C2460348.1 9 -8.0 116.000001 -5.539053 119.999696
C2460348.2 9 -6.069691 116.000001 -4.0 119.783323
C2460360.2 9 -8.0 120.666698 -7.249516 124.915787
C2460360.3 9 -6.569194 123.749997 -3.825154 124.000001
C2460372.2 9 -9.680886 124.915787 -6.833358 129.262288
C2460384.1 9 -6.816658 129.499414 -4.252251 132.000001
C2460384.2 9 -6.893816 128.000001 -4.249986 129.79904
C2460384.3 9 -8.0 129.262288 -6.816658 133.5646
C2460384.5 9 -4.252251 128.266118 -4.0 132.985673
C2460396.2 9 -6.816658 132.000001 -4.0 133.702542
C2460408.1 9 -8.0 136.387153 -4.499339 139.166126
C2460408.3 9 -8.0 139.166126 -7.999939 140.174626
C2460432.1 9 -6.034713 145.349997 -4.299998 147.980531
C2460432.2 9 -4.865257 144.000001 -3.077728 146.292578
C2460432.3 9 -8.961257 144.000001 -7.459126 145.817717
C2460432.4 9 -6.868037 147.450982 -4.264555 148.000001
C2460444.1 9 -5.735023 149.000017 -4.0 152.000001
C2460444.2 9 -6.868037 148.000001 -4.261739 149.180989
C2460444.3 9 -7.600189 150.633342 -5.083332 152.000001
C2460456.1 9 -7.623614 152.000001 -1.085001 154.92363
C2460456.2 9 -7.583335 154.383339 -4.533058 156.000001
C2460468.1 9 -8.0 156.917923 -6.506928 158.457925
C2460468.2 9 -8.0 156.000001 -5.945641 156.980241
C2460468.5 9 -8.0 159.592219 -7.590332 161.113544
C2460528.1 9 -8.967993 177.999542 -7.060704 179.999998
C2460552.2 9 -10.166644 -173.250021 -7.299995 -172.000002
C2460648.1 9 -8.0 -141.300009 -6.833358 -138.744062
C2460828.1 9 -6.916668 -82.416664 -3.916695 -80.400031
C2460840.1 9 -8.236335 -80.000001 -6.433308 -78.833357
C2460960.1 9 -5.216672 -38.816694 -4.0 -36.0
C2460972.1 9 -7.250003 -36.0 -4.583357 -34.249974
C2580024.1 9 -2.949992 8.0 0.0 10.099703
C2580108.1 9 -4.0 38.999985 -2.199767 41.083208
C2580120.1 9 -3.233322 40.666698 0.0 42.749981
C2580120.2 9 -1.211606 42.074861 0.0 43.815855
C2580156.1 9 -4.0 54.25504 -3.634056 56.581796
C2580216.1 9 -1.499972 72.200016 1.166657 74.000031
C2580288.1 9 -1.499972 96.500008 0.0 100.000001
C2580288.2 9 -4.049416 98.333349 -1.426815 100.000001
C2580300.1 9 -4.0 100.000001 -1.181436 102.667522
C2580300.2 9 -1.498506 100.000001 0.0 100.834242
C2580312.1 9 -2.96811 104.000001 1.666672 108.000001
C2580312.2 9 -4.0 105.809294 -2.392887 108.000001
C2580324.1 9 -2.96811 108.000001 1.447639 110.332739
C2580324.2 9 -4.0 109.955048 -2.737553 112.599986
C2580336.2 9 -4.0 114.85002 -3.405843 117.194477
C2580348.1 9 -3.588637 117.867888 0.0 119.999391
C2580348.2 9 -3.697881 116.150516 -0.983798 117.958405
C2580348.3 9 -4.0 117.194477 -3.115973 119.782774
C2580348.4 9 -1.378328 116.73335 0.0 117.987031
C2580360.2 9 -7.666689 120.000001 -2.210572 123.749143
C2580372.1 9 -7.250003 124.000001 -1.373931 128.000001
C2580372.2 9 -1.37503 126.653301 0.0 129.503259
C2580384.1 9 -4.0 128.266118 -1.37503 132.999345
C2580384.2 9 -1.37503 129.502954 0.0 132.000001
C2580396.3 9 -1.583324 132.000001 0.0 133.678921
C2580408.1 9 -3.411941 137.64999 -0.532049 140.000001
C2580408.2 9 -3.416636 133.550013 0.0 137.895599
C2580420.1 9 -3.715315 140.91774 -1.915292 143.734372
C2580420.2 9 -3.411941 140.000001 -0.581526 142.665386
C2580420.3 9 -3.077728 142.665386 0.0 144.000001
C2580420.4 9 -3.934795 143.477166 -3.077728 144.000001
C2580432.1 9 -4.0 144.000001 0.0 148.000001
C2580444.1 9 -4.0 148.000001 0.052106 150.899399
C2580444.2 9 -4.0 150.899399 -1.085001 152.000001
C2580552.1 9 -5.749987 -175.083362 -2.250003 -169.999971
C2580828.1 9 -4.0 -82.216648 -1.033331 -80.200016
C2580840.1 9 -1.299915 -81.666774 1.66655 -79.644404
C2580936.2 9 -1.166657 -48.833326 0.0 -45.99997
C2580948.1 9 -3.333338 -43.666926 -1.416678 -40.750012
C2580948.3 9 -2.583356 -46.580545 -0.250023 -43.416678
C2580960.1 9 -3.916634 -41.000016 -2.050027 -38.083345
C2580960.2 9 -4.0 -38.816694 -3.383342 -35.833311
C2700012.1 9 2.666651 4.416693 4.0 7.633356
C2700012.2 9 -0.124981 6.366674 2.250369 8.0
C2700024.2 9 -0.124981 8.0 1.666672 9.83328
C2700120.1 9 0.0 42.416663 1.166657 45.333334
C2700132.1 9 0.916674 44.0 2.916683 46.916671
C2700132.3 9 0.713096 44.333257 2.44989 46.053865
C2700216.1 9 1.137891 72.200016 3.166659 74.000031
C2700216.3 9 3.124512 72.200016 5.33336 74.000031
C2700276.1 9 1.219484 94.580973 3.90024 96.000001
C2700288.1 9 1.219484 96.000001 3.920534 98.905624
C2700288.2 9 0.0 96.500008 1.370144 100.834242
C2700288.3 9 1.371427 98.999986 3.799737 100.000001
C2700288.4 9 3.533095 97.832365 4.0 98.999986
C2700300.1 9 0.999984 100.000001 4.0 103.749997
C2700300.2 9 1.56818 102.67979 4.0 105.632228
C2700300.5 9 -1.170993 103.28063 0.885769 104.000001
C2700300.6 9 0.842525 103.348197 1.56818 104.000001
C2700312.1 9 1.252036 105.629542 4.0 108.000001
C2700312.4 9 0.842525 104.000001 1.754841 105.180805
C2700324.1 9 1.447639 108.610728 4.0 113.045305
C2700324.3 9 1.251058 108.000001 4.0 108.613475
C2700336.2 9 2.998672 112.046816 5.215327 113.49685
C2700348.1 9 0.942266 116.596324 3.849046 120.000001
C2700348.2 9 0.0 117.826323 1.000228 120.000001
C2700348.3 9 0.0 116.73335 1.066678 118.487344
C2700348.4 9 3.10719 117.420189 4.0 119.695919
C2700348.5 9 3.91572 116.000001 8.0 117.089556
C2700360.1 9 0.474753 120.000001 3.848131 120.905777
C2700360.2 9 -2.210572 120.000001 0.70711 124.000001
C2700360.4 9 0.833363 123.716672 4.0 127.977906
C2700360.5 9 0.028955 120.000001 0.956925 120.333319
C2700384.1 9 0.0 126.653301 2.819983 129.504236
C2700384.2 9 0.0 129.503259 1.295579 133.678921
C2700516.1 9 0.639188 172.500009 2.166988 173.498499
C2700792.1 9 -2.400821 -93.499963 1.999297 -87.499444
C2700840.1 9 0.979034 -79.833433 3.000136 -78.200169
C2700840.2 9 2.599588 -78.966782 4.0 -77.166828
C2700924.2 9 -0.333343 -50.583353 2.333318 -48.583322
C2820000.1 9 4.13336 0.0 6.500036 2.833234
C2820000.2 9 4.216683 2.374975 6.583342 5.841642
C2820012.2 9 4.0 4.416693 5.033865 7.290211
C2820012.3 9 4.0 6.975021 5.083454 8.0
C2820024.1 9 1.583324 8.0 5.06664 10.000031
C2820024.2 9 4.042313 8.0 5.083454 9.737698
C2820132.1 9 2.583356 46.166659 4.583357 49.08333
C2820144.1 9 4.333358 48.0 6.333322 50.749981
C2820216.1 9 4.799992 72.200016 7.449996 74.000031
C2820228.1 9 6.434467 77.240193 8.0 80.000001
C2820228.2 9 5.304328 78.928634 7.108889 82.168369
C2820240.2 9 6.366815 80.668346 9.120186 82.471108
C2820264.1 9 7.04456 91.499993 10.830117 92.000001
C2820288.1 9 4.0 97.832365 7.949482 100.000001
C2820288.2 9 3.90024 93.517236 6.833541 97.832365
C2820288.4 9 6.941165 98.996812 11.235285 100.000001
C2820300.3 9 4.0 102.67979 5.583347 104.000001
C2820300.4 9 4.0 100.000001 5.549622 100.823622
C2820300.5 9 4.275941 100.000001 6.941165 100.715588
C2820300.6 9 7.666202 102.47886 12.0 104.000001
C2820312.2 9 4.0 104.000001 6.000344 105.632289
C2820312.3 9 5.583347 100.540353 7.666202 104.320013
C2820324.1 9 7.080503 104.320013 8.0 110.003755
C2820336.1 9 4.24919 113.419884 5.699047 115.636287
C2820336.2 9 5.566668 113.175007 7.366661 114.933334
C2820336.3 9 5.232444 115.136646 7.4489 116.000001
C2820336.5 9 6.916668 113.433311 8.0 114.999986
C2820336.7 9 7.365931 112.000001 8.594342 113.600001
C2820336.8 9 5.699047 114.916916 7.833347 116.000001
C2820348.1 9 4.0 117.420189 7.305353 120.000001
C2820348.3 9 6.498938 117.036699 8.0 118.778608
C2820348.4 9 6.499975 118.492105 8.0 124.833327
C2820360.1 9 4.0 120.000001 7.305109 123.716672
C2820372.1 9 4.0 124.000001 7.394908 127.977906
C2820372.3 9 6.918314 126.185154 8.0 126.749982
C2820432.1 9 6.280972 146.666668 9.666708 148.000001
C2820828.1 9 6.383348 -83.333304 8.0 -80.333319
C2820840.1 9 4.583357 -79.183338 7.55005 -77.166644
C2820840.2 9 4.0 -78.405738 4.592351 -77.166828
C2820900.1 9 5.63332 -58.866682 8.0 -56.833326
C2820900.2 9 5.766661 -56.901992 7.800021 -54.09012
C2820900.3 9 7.600007 -59.461357 8.0 -58.666667
C2820912.1 9 5.083332 -55.416679 7.083305 -52.466682
C2820912.3 9 4.333358 -52.716686 6.333322 -49.750027
C2820924.2 9 2.000579 -51.91693 4.833635 -49.583887
C2821032.1 9 5.909007 -13.334188 7.666689 -10.624979
C2821032.2 9 6.916668 -14.661357 9.634196 -12.833326
C2821044.1 9 4.671524 -11.61767 6.433308 -8.96669
C2821044.2 9 4.0 -10.083345 5.249988 -8.0
C2821056.1 9 4.0 -6.366674 5.500315 -3.299977
C2821056.2 9 4.0 -8.0 5.166665 -6.265293
C2821056.3 9 4.373204 -8.0 5.249988 -7.416678
C2821068.1 9 3.383342 -3.299977 5.750231 0.0
C2821068.2 9 4.13336 -0.63331 5.999001 0.0
C2940120.1 9 10.933668 42.499672 12.0 43.894652
C2940144.1 9 8.366686 50.300023 11.333344 52.0
C2940144.2 9 5.999977 49.050004 8.916676 51.049974
C2940144.3 9 11.000004 50.433326 12.0 53.582971
C2940216.1 9 8.968238 74.754254 11.757103 76.000001
C2940216.2 9 11.25535 73.988007 14.021131 75.790769
C2940216.3 9 8.0 75.779233 10.001732 77.582239
C2940228.1 9 8.0 77.237935 9.501546 79.998109
C2940228.3 9 8.516857 78.885421 10.333484 81.668727
C2940228.4 9 9.814564 76.000001 11.757103 76.557382
C2940240.1 9 10.08487 80.000001 13.168194 81.415122
C2940276.1 9 6.249975 92.000001 10.829326 94.504983
C2940288.1 9 9.635051 97.029741 12.0 98.804731
C2940288.3 9 10.799977 98.999986 13.749996 103.499993
C2940300.1 9 6.152028 100.000001 10.799977 102.47886
C2940312.1 9 8.0 105.118487 10.748518 110.003755
C2940324.1 9 9.58212 108.000001 12.0 111.416191
C2940324.3 9 8.499997 111.366691 10.050018 113.600001
C2940324.4 9 7.330437 111.366752 8.499997 112.000001
C2940324.5 9 10.050018 111.916687 11.583353 113.666652
C2940336.10 9 10.450006 115.799986 12.0 117.850005
C2940336.1 9 10.366658 113.550012 11.916673 115.799986
C2940336.2 9 8.933333 112.866652 10.499991 115.066637
C2940336.5 9 8.0 113.600001 9.06834 114.999986
C2940336.6 9 8.0 114.582011 9.367255 116.000001
C2940336.7 9 9.099987 115.066698 10.450006 117.333334
C2940348.1 9 8.0 117.333334 12.0 120.000001
C2940348.4 9 8.166695 116.73335 10.033354 117.850005
C2940348.5 9 8.0 117.00142 9.332329 118.784712
C2940348.6 9 8.0 119.416679 9.410007 124.833327
C2940348.7 9 8.0 116.000001 9.099987 116.733716
C2940360.1 9 9.393433 120.000001 11.416664 124.000001
C2940360.3 9 11.416664 120.300543 12.0 123.200428
C2940360.4 9 11.416664 122.965989 12.0 124.000001
C2940360.5 9 10.147301 120.000001 12.808309 120.341681
C2940372.1 9 8.0 124.065798 11.66666 126.749982
C2940444.1 9 5.999977 148.000001 9.666708 150.833846
C2940816.1 9 8.499997 -88.000001 10.533331 -85.08333
C2940816.2 9 10.516997 -87.633357 12.0 -85.600001
C2940816.3 9 8.0 -85.850005 9.91668 -84.000001
C2940828.1 9 8.416729 -82.85002 10.166644 -80.000001
C2940828.2 9 7.883332 -84.000001 9.91668 -82.85002
C2940828.3 9 9.733496 -83.633174 10.799611 -82.367224
C2940828.5 9 8.0 -82.85002 8.416729 -80.707897
C2940840.1 9 8.612301 -77.99997 12.0 -76.000001
C2940840.2 9 8.583308 -80.000001 10.616694 -77.99997
C2940840.4 9 8.0 -77.533349 9.84999 -76.000001
C2940852.1 9 9.350007 -76.000001 11.450022 -74.783307
C2940852.2 9 10.866647 -74.999985 12.0 -72.899978
C2940852.5 9 10.833344 -72.899978 12.0 -69.08333
C2940864.2 9 11.133362 -70.163425 12.0 -68.416694
C2940864.5 9 11.500021 -72.000001 13.099997 -70.833357
C2940876.1 9 10.333362 -68.416694 12.0 -65.466698
C2940876.3 9 10.100006 -66.16666 10.599999 -65.466698
C2940888.1 9 9.749992 -62.978806 11.472744 -60.315252
C2940888.4 9 11.414051 -62.449989 12.0 -60.833326
C2940900.1 9 8.33332 -61.099993 10.350011 -58.133334
C2940900.3 9 8.0 -60.000001 8.599981 -58.666667
C2941020.1 9 10.025907 -18.164096 11.895261 -16.0
C2941032.1 9 8.907673 -16.0 10.666652 -13.433311
C2941032.3 9 10.032072 -16.0 11.896899 -14.4224
C2941032.4 9 11.791877 -18.683025 14.108408 -15.216602
C3060108.1 9 14.583322 39.374991 15.741638 41.416587
C3060108.2 9 15.499985 38.699993 16.0 40.0
C3060120.1 9 12.45602 41.089861 16.0 43.499993
C3060120.2 9 12.397156 42.431495 14.202666 43.666682
C3060120.4 9 12.0 43.313344 13.075912 45.120074
C3060144.1 9 12.0 50.433326 13.024977 52.655833
C3060156.1 9 12.0 52.333319 13.666741 55.482292
C3060240.1 9 12.916636 80.000001 15.833304 81.783353
C3060240.3 9 15.416662 80.16669 16.0 81.950775
C3060276.1 9 10.742549 92.000001 15.33373 94.504983
C3060276.2 9 14.800964 93.538354 16.574942 96.637767
C3060288.1 9 12.418233 96.91304 15.118208 98.796369
C3060288.3 9 14.384848 96.163822 17.101487 97.997163
C3060288.5 9 12.0 97.183735 12.833708 98.804731
C3060312.3 9 7.666202 104.000001 12.115986 105.118487
C3060324.1 9 12.0 107.667049 15.33464 111.416191
C3060324.2 9 15.33464 108.000001 16.0 110.749982
C3060324.3 9 14.500007 110.749982 17.499985 112.000001
C3060336.1 9 12.0 113.583338 14.98332 115.833311
C3060336.4 9 12.0 113.000016 14.500007 113.868804
C3060336.5 9 14.500007 112.000001 15.70003 113.583338
C3060336.7 9 15.70003 112.000001 17.216676 113.133319
C3060348.2 9 12.0 116.581736 12.808309 120.000001
C3060348.3 9 12.808309 118.999986 13.833709 120.000001
C3060360.2 9 12.0 120.000001 14.029982 123.432793
C3060360.3 9 12.0 122.965745 15.083765 124.000001
C3060372.1 9 10.735606 124.000001 15.084008 125.884734
C3060528.2 9 12.333299 167.166676 15.633329 176.166508
C3060540.1 9 14.083205 -180 18.566633 -177.583461
C3060792.1 9 12.750017 -92.783338 14.750042 -89.783353
C3060804.2 9 11.800008 -90.16666 13.799983 -87.166675
C3060816.2 9 15.000033 -85.500024 16.750026 -83.391349
C3060816.3 9 15.600002 -87.499993 16.0 -85.413352
C3060816.4 9 12.0 -87.166675 12.500067 -85.600001
C3060828.1 9 12.0 -82.16666 17.166696 -80.000001
C3060840.1 9 12.583349 -80.000001 17.166696 -78.000031
C3060852.1 9 12.0 -75.333303 14.249994 -70.749982
C3060864.1 9 12.0 -72.000001 15.499985 -69.08333
C3060864.2 9 12.0 -70.233311 12.966674 -68.183353
C3060864.5 9 12.0 -68.416694 12.350018 -65.399985
C3060876.2 9 10.000023 -65.466698 12.016678 -62.449989
C3060888.1 9 14.056168 -62.891463 16.0 -61.583338
C3060888.2 9 13.066658 -61.583338 14.65005 -60.500313
C3060888.3 9 14.438352 -61.833342 15.749995 -60.750317
C3060888.4 9 11.750002 -62.066682 13.348429 -60.976456
C3060996.1 9 14.610418 -26.405127 17.501026 -21.82736
C3061020.1 9 13.791856 -19.850035 16.0 -16.383307
C3180108.1 9 16.0 38.699993 18.149718 40.499459
C3180108.2 9 17.733029 37.28896 19.392065 39.116869
C3180216.1 9 16.0 72.000001 18.542777 73.652736
C3180216.2 9 18.387878 72.000001 19.964829 73.044389
C3180216.4 9 13.334532 72.946182 16.076439 74.749737
C3180240.1 9 16.816647 82.199985 18.516666 84.000001
C3180240.2 9 16.0 80.16669 17.133328 82.73869
C3180252.1 9 18.250825 84.000001 19.934357 86.764325
C3180252.2 9 16.816647 84.000001 18.381909 84.96669
C3180252.3 9 19.550934 85.664211 20.0 88.422554
C3180276.1 9 16.0 92.496774 19.167872 94.696819
C3180276.2 9 18.417724 92.000001 21.517705 93.996857
C3180312.1 9 14.999608 105.328146 18.251252 108.000001
C3180312.2 9 18.251252 104.995255 20.0 107.799986
C3180312.3 9 19.000013 107.667232 20.455918 108.000001
C3180324.1 9 16.0 109.500024 19.483351 112.000001
C3180324.2 9 17.58335 108.000001 19.133307 110.116671
C3180324.3 9 18.000024 110.000581 20.0 111.65002
C3180324.4 9 16.0 108.000001 17.58335 109.500024
C3180324.8 9 19.616676 110.249974 21.850015 111.916687
C3180336.1 9 16.248644 112.000001 17.499985 115.24999
C3180336.2 9 17.499985 112.000001 19.483351 112.800001
C3180336.5 9 14.98332 113.133319 16.49999 115.383353
C3180348.1 9 13.833343 118.999986 16.666963 123.433159
C3180600.1 9 18.596935 -156.68031 20.0 -154.630718
C3180780.1 9 19.341679 -97.335348 20.0 -95.76666
C3180780.2 9 18.058318 -96.491647 19.508827 -96.000001
C3180792.1 9 18.058318 -96.000001 20.0 -93.349997
C3180792.2 9 18.339748 -93.349997 20.0 -92.000001
C3180804.1 9 18.339748 -92.000001 20.299998 -90.382483
C3180804.2 9 17.868348 -88.413032 20.735019 -86.346411
C3180816.2 9 16.0 -87.499993 16.750026 -85.466637
C3180840.1 9 17.03331 -77.833342 20.0 -76.000001
C3180840.2 9 18.166675 -79.749997 20.0 -77.600001
C3180840.3 9 16.914876 -79.200977 18.264846 -77.134295
C3180840.7 9 19.083327 -81.800016 20.0 -79.698849
C3180852.1 9 17.708326 -76.000001 20.0 -72.266057
C3180852.2 9 16.500051 -74.566385 18.52184 -71.400016
C3180852.4 9 19.64999 -73.483361 22.206368 -72.000001
C3180852.6 9 17.104923 -76.000001 17.933343 -75.666683
C3180864.1 9 18.866733 -70.05002 20.0 -68.000001
C3180864.2 9 16.49999 -71.400016 18.499987 -68.833082
C3180864.3 9 17.323213 -71.783689 18.499987 -69.608912
C3180864.4 9 19.250011 -71.666683 20.0 -69.92398
C3180864.5 9 17.716642 -68.883315 18.883315 -68.000001
C3180864.7 9 19.64999 -72.000001 22.197711 -71.233693
C3180876.1 9 17.240465 -68.000001 19.0059 -64.425178
C3180876.2 9 18.878942 -66.883345 20.0 -64.000001
C3180876.3 9 17.300047 -64.933303 18.94556 -64.000001
C3180876.5 9 19.0059 -68.000001 20.904705 -66.883345
C3180888.1 9 17.166696 -63.756833 18.685253 -62.666667
C3180888.2 9 16.916657 -63.049974 17.931938 -61.390342
C3180888.3 9 17.327748 -63.450004 18.766657 -61.333334
C3180888.4 9 16.242666 -62.656596 17.178288 -61.000138
C3180888.6 9 17.300047 -64.000001 19.000073 -62.333349
C3180888.8 9 16.274526 -61.431724 17.327748 -60.666698
C3180888.9 9 15.749995 -62.32633 16.512053 -60.666698
C3181020.1 9 16.0 -19.366751 18.17497 -16.0
C3181020.2 9 17.93371 -18.25034 21.21625 -15.883604
C3300168.1 9 21.700017 59.775022 24.0 64.000001
C3300192.1 9 21.416656 66.141452 25.658306 68.000001
C3300192.3 9 20.798435 67.738705 22.484146 70.499673
C3300204.2 9 20.0 68.822462 21.126848 71.583124
C3300204.4 9 20.0 71.195789 21.858021 72.000001
C3300216.1 9 20.0 72.000001 22.258909 72.998795
C3300252.2 9 20.0 85.664211 21.225887 88.000001
C3300264.2 9 20.167533 86.580607 21.860405 89.341635
C3300276.2 9 20.917499 88.997086 22.601703 92.237065
C3300312.1 9 20.0 104.995255 21.751828 108.000001
C3300324.1 9 20.316671 108.000001 21.850015 110.05002
C3300324.3 9 20.250028 109.899993 22.63331 112.000001
C3300324.4 9 19.000013 108.000001 20.316671 110.000032
C3300336.1 9 20.799974 112.000001 22.333358 113.999971
C3300336.2 9 21.483336 113.500024 23.03336 115.900024
C3300336.3 9 20.500024 113.216694 22.100008 116.000001
C3300336.5 9 22.333358 113.216694 23.600017 115.499993
C3300336.6 9 22.100008 115.499993 23.633321 117.899993
C3300336.7 9 21.858755 112.000001 22.63331 113.216694
C3300348.1 9 20.500024 116.000001 23.133309 117.966645
C3300348.3 9 23.133309 116.666698 24.649994 119.166675
C3300348.4 9 22.000161 117.966645 23.499996 119.233327
C3300348.5 9 21.566642 119.233327 23.499996 120.000001
C3300348.7 9 18.167163 119.916199 22.347793 122.832442
C3300360.2 9 21.608584 120.000001 23.499996 122.499978
C3300360.3 9 23.100001 121.000016 26.066685 123.233327
C3300396.1 9 18.283316 133.933319 21.416656 138.583171
C3300420.1 9 23.984179 141.303305 24.498333 141.638881
C3300588.1 9 21.217539 -160.647228 22.663513 -160.000001
C3300600.1 9 20.163639 -158.496377 21.996315 -156.000001
C3300600.2 9 20.930169 -160.000001 22.663513 -158.096408
C3300600.3 9 20.0 -156.68031 20.212216 -156.000001
C3300612.1 9 20.0 -156.000001 20.813577 -154.630718
C3300612.2 9 20.163639 -156.000001 21.290261 -155.830992
C3300732.1 9 22.583343 -112.446785 24.808377 -112.000001
C3300744.1 9 22.549596 -112.000001 24.0 -109.99997
C3300780.1 9 20.0 -97.933319 22.775028 -95.76666
C3300780.2 9 22.616657 -97.97696 24.0 -96.000001
C3300792.3 9 20.0 -93.515832 20.37304 -92.000001
C3300804.1 9 20.299998 -92.538888 22.341641 -89.458336
C3300804.2 9 21.258354 -89.860259 23.274988 -87.200001
C3300816.1 9 20.500024 -87.200001 23.950002 -84.666698
C3300816.4 9 21.952471 -85.08333 24.749971 -84.000001
C3300828.1 9 20.0 -84.96669 21.999978 -81.76669
C3300828.2 9 20.0 -81.800016 22.083352 -79.633357
C3300828.3 9 22.950012 -82.932846 24.0 -80.000001
C3300840.1 9 21.999978 -79.76666 24.0 -77.63412
C3300840.2 9 21.00002 -77.733365 23.316658 -76.000001
C3300840.3 9 20.0 -79.698849 21.166643 -77.600001
C3300840.4 9 23.316658 -78.16666 25.666694 -76.000001
C3300852.1 9 21.850015 -74.583963 23.931045 -72.000001
C3300852.2 9 20.166668 -75.749997 22.788202 -73.583338
C3300852.3 9 21.98331 -76.000001 24.0 -74.045808
C3300852.5 9 21.00002 -76.000001 21.98331 -75.566644
C3300852.6 9 20.0 -76.28333 20.439753 -73.483361
C3300852.7 9 20.439753 -73.774503 21.850015 -73.483361
C3300864.1 9 20.0 -71.399955 22.314171 -69.77377
C3300864.2 9 20.0 -70.007905 20.9167 -68.000001
C3300864.4 9 21.997536 -72.000001 23.812061 -71.333426
C3300876.1 9 20.0 -67.303091 20.85001 -64.000001
C3300888.1 9 18.94556 -64.000001 20.85001 -63.083361
C3301020.1 9 20.865147 -18.118197 23.998496 -16.0
C3301020.3 9 23.331835 -16.751476 26.665207 -14.168185
C3301032.2 9 20.648471 -16.0 23.331835 -15.584833
C3420096.1 9 26.999985 34.000031 28.0 36.0
C3420144.1 9 25.099995 49.916656 27.133122 52.0
C3420144.3 9 27.118854 50.358069 28.0 52.0
C3420156.1 9 25.101717 52.285283 27.081664 55.696041
C3420156.2 9 23.883308 52.250004 25.193707 55.66656
C3420156.3 9 25.166658 54.716656 27.216819 58.133212
C3420156.4 9 27.119459 52.0 28.583305 53.333334
C3420156.5 9 25.099995 52.0 27.133303 53.449974
C3420168.2 9 24.0 59.775022 25.83452 67.082384
C3420204.2 9 22.471246 68.000001 24.000869 69.099993
C3420348.1 9 24.216642 118.033357 25.783335 120.000001
C3420348.4 9 25.616662 119.566645 26.899528 120.000001
C3420348.6 9 23.499996 119.166675 24.216642 120.000001
C3420360.2 9 25.616662 120.000001 27.183348 122.066683
C3420360.3 9 26.94998 120.166691 28.0 122.666668
C3420360.4 9 24.216642 120.000001 25.616662 120.549997
C3420360.5 9 24.565753 120.549997 25.616662 121.000016
C3420360.6 9 23.499996 120.000001 24.565568 121.000016
C3420372.1 9 25.670674 126.24796 28.0 131.497979
C3420732.1 9 26.125006 -116.000001 27.983325 -113.25002
C3420732.2 9 24.750033 -114.502969 26.833356 -112.000001
C3420732.3 9 27.62503 -116.000001 29.441656 -113.966645
C3420744.1 9 24.0 -112.000001 24.810227 -110.727582
C3420780.1 9 25.749994 -97.99997 29.999989 -94.000642
C3420780.2 9 24.0 -97.97696 25.566669 -95.768613
C3420828.1 9 24.333305 -83.749997 27.462951 -80.433357
C3420828.2 9 24.288857 -81.915679 28.0 -80.000001
C3420828.3 9 24.0 -82.940842 24.757127 -80.000001
C3420828.4 9 27.449991 -84.000001 30.666662 -82.249974
C3420828.5 9 21.949479 -84.000001 24.749971 -82.916671
C3420840.1 9 24.0 -80.000001 28.0 -78.583353
C3420840.3 9 25.666694 -79.417594 27.66685 -76.333441
C3420840.4 9 24.966805 -79.186634 26.967115 -78.04886
C3420840.5 9 24.0 -78.583353 24.966805 -78.043672
C3420840.6 9 22.950012 -80.000001 24.288857 -79.733334
C3420852.1 9 24.0 -75.980652 24.9846 -74.062532
C3421020.1 9 27.080334 -18.520363 28.0 -16.0
C3421032.2 9 26.01731 -16.0 28.0 -12.799207
C3421044.1 9 27.834875 -13.868254 30.168179 -10.001557
C3540036.1 9 30.166655 14.874983 32.0 20.0
C3540084.1 9 30.693705 28.383429 32.0 31.560846
C3540084.3 9 31.021614 30.966659 32.499992 32.0
C3540096.2 9 28.0 34.000031 29.599999 35.528191
C3540096.3 9 31.282083 34.135897 32.0 35.594293
C3540132.1 9 28.449991 47.69543 30.464755 51.166675
C3540144.2 9 26.399986 48.250004 28.46059 50.482948
C3540144.3 9 28.0 50.482948 28.583305 52.0
C3540348.1 9 29.750014 117.333334 32.0 121.677822
C3540360.1 9 29.550026 120.933365 31.100005 123.499993
C3540360.2 9 28.250015 121.167499 29.81665 123.667477
C3540360.3 9 30.716679 121.099993 32.0 123.65002
C3540360.5 9 28.0 120.354193 28.516669 122.666668
C3540372.1 9 28.0 126.927475 28.670561 131.497979
C3540384.1 9 28.447078 128.497811 31.820337 131.997804
C3540384.3 9 31.536487 128.020021 32.0 130.122348
C3540384.4 9 31.677351 131.402153 33.494847 132.804152
C3540408.1 9 30.416675 138.000032 32.0 141.500024
C3540720.1 9 30.866696 -119.166675 32.741673 -116.083315
C3540720.2 9 29.233306 -117.783353 31.033334 -114.683331
C3540720.3 9 27.62503 -117.07503 29.233306 -116.000001
C3540792.1 9 28.134003 -95.549982 29.823317 -92.726696
C3540792.3 9 28.0 -94.059053 29.450006 -92.000001
C3540792.4 9 29.450006 -93.349997 30.266691 -92.000001
C3540792.5 9 29.774985 -94.833357 30.299993 -93.031022
C3540804A.1 9 28.0 -92.000001 29.450016 -90.249577
C3540804A.2 9 29.016633 -91.499993 30.0 -90.000001
C3540804A.3 9 29.450016 -92.000001 30.0 -91.479119
C3540804A.4 9 28.0 -90.249577 29.023682 -90.000001
C3540804B.1 9 30.000309 -91.825621 30.998484 -89.99994
C3540804B.2 9 30.997752 -91.924011 31.998038 -90.950272
C3540804C.1 9 30.0 -89.500054 30.750025 -88.000001
C3540804C.2 9 30.0 -89.702999 30.333362 -88.32221
C3540804C.3 9 30.0 -90.000001 30.300012 -89.509454
C3540804D.1 9 28.0 -90.000001 30.0 -88.32221
C3540804D.2 9 28.0 -88.793043 30.0 -88.000001
C3540816.1 9 28.0 -88.000001 30.750009 -85.000016
C3540816.2 9 28.0 -85.500024 30.666662 -84.000001
C3540828.1 9 28.449991 -81.758328 32.0 -78.116671
C3540828.3 9 28.0 -81.915069 28.666664 -78.583353
C3540876.1 9 31.550006 -66.232457 32.0 -64.111025
C3541020.1 9 28.0 -18.520363 29.380363 -14.686992
C3541032.2 9 28.0 -16.0 29.666734 -13.868254
C3541044.1 9 29.332003 -11.718196 32.481976 -9.00148
C3660024.1 9 32.316685 9.500023 35.517025 12.0
C3660024.3 9 35.368697 10.082368 36.0 13.106767
C3660036.1 9 32.316685 12.0 35.658318 15.385306
C3660036.2 9 33.998865 12.0 35.67555 13.423057
C3660036.3 9 34.948823 13.106767 35.800794 15.818601
C3660036.5 9 35.784366 12.666514 37.317744 15.714229
C3660048.1 9 32.0 14.874983 33.140843 19.749996
C3660048.2 9 32.0 19.749996 34.430983 25.207172
C3660060.2 9 34.428492 22.466102 36.0 24.0
C3660072.1 9 30.365469 24.62501 33.333351 30.083345
C3660072.2 9 34.748878 24.480049 36.0 27.249501
C3660072.4 9 35.215582 26.61619 36.0 28.0
C3660072.5 9 34.428492 24.0 36.898908 24.482796
C3660096.2 9 32.0 33.562036 33.968696 35.594293
C3660096.3 9 33.385763 33.936126 35.215643 35.999146
C3660096.4 9 30.734194 32.0 32.499992 34.20499
C3660096.5 9 35.215643 34.933028 36.0 36.0
C3660108.1 9 35.215643 36.0 36.970786 36.482735
C3660348.1 9 33.749985 119.200001 36.0 121.099993
C3660360.1 9 32.0 120.333319 34.200004 122.199986
C3660360.3 9 34.966691 121.099993 36.0 123.499993
C3660360.4 9 32.249997 121.099993 34.966691 122.466653
C3660360.5 9 35.449975 120.000856 36.949981 122.699993
C3660372.1 9 33.452954 124.831435 35.019606 127.597651
C3660372.3 9 33.749985 127.100024 35.249994 128.000001
C3660384A.1 9 32.0 128.020021 33.764709 130.000001
C3660384A.2 9 33.749974 128.000001 34.0 130.93544
C3660384B.1 9 34.0 129.149952 36.0 131.200001
C3660384B.2 9 34.0 128.000001 35.249974 129.214772
C3660384C.3 9 34.0 130.93544 34.423113 133.30712
C3660384D.2 9 33.234644 130.897293 34.0 132.000001
C3660396A.1 9 32.46999 132.804152 33.670023 134.530771
C3660396A.3 9 33.756813 133.30712 34.0 135.523676
C3660396B.1 9 34.423113 130.696972 35.797871 133.147388
C3660396C.1 9 34.0 133.114001 34.919835 135.523676
C3660396C.2 9 35.352845 132.408027 36.0 135.496698
C3660396C.3 9 35.431726 135.149891 37.919567 136.946854
C3660396D.1 9 33.119994 134.154667 34.0 136.000001
C3660396D.3 9 33.494847 132.000001 34.0 133.30712
C3660408.1 9 32.0 138.000032 34.170211 140.000001
C3660408.2 9 33.8865 136.197026 35.065856 138.343848
C3660408.3 9 34.170028 138.096835 35.34515 140.000001
C3660408.4 9 33.119996 136.000001 34.310006 136.67384
C3660408.6 9 34.788567 139.313284 35.772355 140.000001
C3660420.1 9 32.0 140.000001 34.735624 141.500024
C3660420.2 9 34.603512 140.000001 35.772355 141.446496
C3660420.3 9 35.503176 140.158695 36.0 141.529688
C3660708.1 9 34.216632 -122.284338 36.316643 -120.46766
C3660708.2 9 33.200027 -121.700955 34.766668 -118.800947
C3660720.1 9 32.383385 -120.000001 34.150038 -117.115985
C3660828.1 9 32.0 -81.665492 32.717881 -78.116671
C3660840.1 9 32.500054 -80.000001 35.499998 -76.000001
C3660852.1 9 34.500025 -76.000001 39.166655 -72.45002
C3660852.2 9 32.500054 -76.000001 34.500025 -74.916671
C3660876.1 9 32.0 -66.333349 33.300055 -64.082704
C3661044.1 9 32.249997 -10.4 34.483331 -8.0
C3661044.4 9 35.165323 -9.467979 37.465319 -5.268025
C3661056.1 9 32.249997 -8.0 34.065395 -6.499977
C3661056.3 9 34.065395 -8.0 35.226954 -6.073457
C3661068.1 9 34.837427 -2.644511 36.0 3.474907
C3661068.2 9 34.865532 -6.105074 36.0 -2.034699
C3780000.1 9 37.383348 0.0 39.606435 3.13225
C3780000.2 9 36.0 0.0 38.06473 3.474907
C3780000.4 9 36.125972 3.132189 38.615508 4.0
C3780012.1 9 36.125972 4.0 39.301645 8.0
C3780012.2 9 38.417609 6.999497 40.839249 9.224018
C3780024.1 9 38.289205 9.074418 39.965384 12.0
C3780024.2 9 36.665514 9.665919 38.2023 12.0
C3780024.3 9 36.364331 8.29218 38.199316 10.164462
C3780024.5 9 36.0 10.082368 36.898254 12.735119
C3780024.6 9 36.125972 8.0 38.417609 9.074418
C3780036.1 9 37.882329 12.0 40.0 14.110628
C3780036.3 9 38.084007 14.233189 40.492809 16.0
C3780036.4 9 36.952025 14.769574 38.114131 16.0
C3780036.5 9 36.665701 12.0 38.1741 12.754833
C3780048.1 9 38.117241 16.350042 40.0 18.384558
C3780048.2 9 36.952025 16.0 38.490065 17.60177
C3780048.3 9 39.383987 16.597543 40.0 19.520195
C3780048.4 9 37.748999 19.332693 40.182312 20.0
C3780060A.1 9 36.0 20.449348 37.998916 22.0
C3780060A.2 9 36.566684 20.0 37.748983 20.791943
C3780060A.3 9 37.748983 20.0 40.0 21.407462
C3780060B.2 9 38.0 20.416083 40.0 22.0
C3780060C.1 9 37.516029 22.0 39.166759 24.0
C3780060C.2 9 38.615614 22.499764 40.0 24.574411
C3780060D.1 9 36.0 22.471077 36.898908 24.0
C3780060D.2 9 36.898908 22.699352 37.658001 24.0
C3780060D.4 9 36.0 22.0 37.190793 22.51606
C3780072A.1 9 36.198985 24.649485 37.628708 26.0
C3780072A.2 9 37.628042 24.001892 38.0 26.0
C3780072A.3 9 36.215667 24.0 37.628708 24.73933
C3780072A.5 9 36.0 24.710765 36.432248 26.675242
C3780072B.1 9 38.0 24.003113 39.573992 27.282826
C3780072C.3 9 39.573992 24.574411 40.0 26.999466
C3780072D.1 9 36.212368 26.0 37.848968 27.632807
C3780072D.2 9 36.0 26.653208 36.848831 28.0
C3780072D.3 9 37.628708 26.0 38.0 27.282826
C3780072D.5 9 36.776562 27.494866 37.057145 28.0
C3780084.1 9 36.0 30.099642 36.965771 33.41616
C3780084.2 9 36.0 28.0 37.057165 30.816205
C3780096.1 9 36.0 32.766308 36.970786 36.0
C3780096.3 9 34.415551 32.099611 36.048947 34.933028
C3780144.1 9 36.0 48.018128 40.0 52.0
C3780156.1 9 35.950291 52.0 39.933602 54.916793
C3780348.1 9 37.100008 117.53335 40.0 120.000001
C3780360.10 9 36.0 122.699993 36.399891 123.499993
C3780360.11 9 36.0 119.799986 37.016648 121.333334
C3780360.1 9 36.249992 121.333334 37.816673 124.000001
C3780360.2 9 38.366651 120.383308 39.740575 122.949997
C3780360.3 9 37.383348 120.400032 38.366712 122.949997
C3780360.4 9 38.550026 122.683331 40.083359 125.500024
C3780360.8 9 37.100008 120.000001 38.650012 120.400032
C3780372.1 9 36.603082 124.248235 38.152532 126.997728
C3780372.3 9 37.733311 124.000001 39.95 125.766691
C3780372.4 9 38.133334 127.24999 40.0 129.383323
C3780372.5 9 34.500025 125.033342 36.768131 126.983323
C3780384.1 9 36.0 128.500009 38.399999 130.516641
C3780384.3 9 39.833348 128.750013 42.183348 130.783305
C3780396.1 9 36.0 132.408027 36.812316 135.149891
C3780408.1 9 37.90257 137.34426 39.312917 140.000001
C3780408.2 9 36.678069 136.411384 38.111937 139.162952
C3780408.4 9 39.123866 138.699017 41.452488 140.000001
C3780420.1 9 36.905195 140.677685 38.526024 142.079806
C3780420.2 9 36.0 140.127506 37.256646 141.529688
C3780420.3 9 38.169531 141.318381 39.536249 142.413002
C3780696.1 9 38.949434 -125.333334 41.050166 -124.000001
C3780696.2 9 37.53528 -124.584422 39.050004 -122.216954
C3780708.1 9 36.166583 -123.501092 38.033243 -121.667751
C3780708.4 9 39.050004 -124.000001 40.0 -123.502252
C3780840.1 9 38.100229 -77.36666 39.466651 -76.000001
C3780840.2 9 36.800031 -76.616648 38.128701 -76.000001
C3780852.2 9 38.766657 -74.699993 40.0 -69.266683
C3780984.1 9 37.60137 -31.578912 39.918032 -29.412192
C3780984.2 9 37.533191 -29.548974 39.249816 -26.582315
C3780996.1 9 36.468096 -26.700603 38.83508 -24.517098
C3781044.1 9 36.165394 -10.501259 38.998773 -8.480537
C3781068.1 9 36.0 -2.35111 38.382143 0.0
C3781068.2 9 36.0 -5.268025 37.165308 -2.050752
C3781068.3 9 38.382143 -1.166644 39.683348 0.0
C3781068.4 9 39.606435 -0.500008 41.387785 0.0
C3900000.1 9 38.615508 0.0 41.387785 4.0
C3900000.2 9 41.08226 1.965545 43.211174 4.0
C3900000.3 9 42.361573 2.915023 43.665016 4.0
C3900012.1 9 42.331691 4.831678 43.998345 8.0
C3900012.3 9 42.333392 4.0 43.665016 5.2112
C3900012.5 9 38.615508 4.0 41.08226 4.832227
C3900012.7 9 43.041442 7.2495 44.0 8.0
C3900024.1 9 39.958435 9.224018 41.46733 12.0
C3900024.2 9 41.46733 9.707118 43.137941 12.0
C3900024.3 9 41.221171 8.0 43.315657 9.988068
C3900024.6 9 40.807349 8.0 41.602043 9.626001
C3900036.1 9 40.234339 12.003967 41.764984 15.037034
C3900036.2 9 42.968607 12.251286 44.0 15.627131
C3900036.3 9 41.867569 13.633143 42.988687 16.0
C3900036.5 9 42.764066 15.478508 44.0 16.0
C3900036.7 9 41.46733 12.0 42.636034 12.546822
C3900036.8 9 43.700019 14.650797 44.0 15.700008
C3900048.1 9 40.840306 16.0 42.370741 19.116198
C3900048.2 9 41.21703 17.411643 43.067022 19.628351
C3900048.3 9 40.0 16.466499 40.840306 19.352529
C3900048.4 9 42.370741 16.0 44.0 17.66183
C3900048.5 9 40.0 19.084459 41.21703 20.0
C3900048.6 9 41.867569 16.0 42.844072 16.938369
C3900360.1 9 39.433322 120.000001 40.966637 122.416664
C3900384.1 9 40.099954 128.750009 43.766639 135.500357
C3900384.3 9 39.999999 127.24999 40.499994 129.089675
C3900408.1 9 40.519363 138.41111 43.446217 144.42231
C3900408.4 9 43.446217 138.998216 44.0 142.163303
C3900420.2 9 39.53601 141.306174 41.633989 143.103808
C3900420.5 9 39.086524 140.000001 41.452488 140.49653
C3900432.2 9 43.035856 144.162479 44.0 147.395805
C3900444.1 9 41.014089 144.267156 43.963103 148.339057
C3900696.1 9 41.049237 -125.334494 42.849856 -124.000001
C3900804.1 9 41.375021 -88.666698 44.0 -84.500008
C3900816.2 9 42.907966 -84.500008 46.328218 -84.000001
C3900828.1 9 41.086657 -83.583307 42.939798 -80.000001
C3900828.2 9 42.913082 -84.000001 44.0 -80.366644
C3900840.1 9 42.666677 -80.000001 44.0 -75.499993
C3900840.2 9 42.020802 -80.000001 43.226445 -78.749982
C3900840.3 9 42.321181 -77.008744 42.958144 -76.469307
C3900852.1 9 40.0 -74.699993 41.511404 -72.000001
C3900864.1 9 40.0 -71.083361 42.649997 -65.750027
C3900864.3 9 40.0 -72.000001 41.58379 -71.083361
C3900876.1 9 41.401224 -66.599467 44.0 -64.000001
C3900876.3 9 42.649997 -68.499459 45.316678 -65.500023
C3900888.1 9 42.73341 -62.666057 44.0 -60.000001
C3900900.1 9 42.666677 -60.000001 44.0 -56.14606
C3900924.1 9 42.606283 -52.0 44.76676 -48.465523
C3901044.1 9 38.998834 -11.001511 42.332177 -8.001526
C3901044.2 9 41.650017 -10.833356 44.0 -7.583307
C3901056.1 9 42.998845 -7.623468 44.0 -4.0
C3901068.1 9 42.998905 -4.0 46.323422 -0.714061
C4020024.1 9 42.939317 8.0 44.514087 10.672099
C4020036.1 9 44.215715 12.132265 45.832832 15.465812
C4020036.2 9 44.0 14.116671 45.383348 15.700008
C4020396.1 9 43.333351 134.833357 45.500001 137.166642
C4020408.1 9 44.766821 136.250856 46.54604 138.999983
C4020408.3 9 43.999999 138.926373 46.500004 142.1633
C4020420.1 9 45.185208 140.700997 46.916895 143.999998
C4020420.3 9 46.833714 139.999998 49.133569 142.36771
C4020420.4 9 43.901852 142.1633 45.23538 143.999998
C4020432.1 9 43.999999 143.999998 46.085074 147.838985
C4020432.2 9 46.350008 142.416661 47.999999 145.583335
C4020432.5 9 47.250001 144.408817 47.999999 145.676903
C4020696.1 9 46.133169 -125.751249 47.699801 -124.000001
C4020696.3 9 42.733169 -125.334555 44.683179 -123.501214
C4020696.4 9 47.667779 -126.168003 48.0 -124.000001
C4020708.1 9 47.033157 -123.467888 48.0 -122.151218
C4020708.2 9 44.616752 -125.334555 46.333135 -123.501275
C4020816.2 9 44.0 -88.000001 46.328218 -84.500008
C4020828.1 9 44.0 -84.000001 46.328218 -80.134829
C4020828.2 9 44.433343 -82.000031 46.116655 -80.000001
C4020840.1 9 44.0 -79.240834 44.999996 -75.499993
C4020840.2 9 44.0 -80.000001 44.999996 -78.953659
C4020840.3 9 44.729045 -80.000001 46.000002 -79.707455
C4020864.1 9 42.579604 -71.083361 44.833326 -68.499459
C4020876.2 9 44.833388 -66.165927 45.999758 -64.000001
C4020876.3 9 45.811265 -65.266683 47.333609 -64.000001
C4020876.4 9 44.0 -65.500023 44.833388 -62.666087
C4020876.5 9 47.33337 -66.099337 48.0 -61.449333
C4020888A.3 9 44.0 -63.666072 44.866721 -60.000001
C4020888A.4 9 44.833395 -64.000001 45.811252 -63.666194
C4020888A.5 9 45.058528 -63.666194 45.441612 -63.249501
C4020888A.6 9 45.584746 -64.000001 46.0 -63.66595
C4020888B.1 9 46.0 -64.000001 47.333372 -62.000001
C4020888C.1 9 46.351652 -61.449333 48.0 -60.000001
C4020888C.2 9 46.351652 -62.000001 47.333614 -60.950027
C4020888C.3 9 46.0 -62.000001 46.358015 -60.000001
C4020888C.5 9 46.337192 -60.481514 46.693688 -60.000001
C4020888D.1 9 44.866721 -63.66595 46.0 -60.000001
C4020900.1 9 45.500186 -60.000001 47.832415 -55.899169
C4020900.2 9 44.0 -59.073473 45.500186 -56.000001
C4020900.3 9 44.0 -60.000001 46.337203 -59.028672
C4020900.4 9 46.693688 -60.000001 48.514627 -58.374243
C4020912.1 9 45.583563 -56.000001 47.916688 -52.0
C4020912.2 9 43.024984 -56.000001 45.583563 -52.479134
C4020912.3 9 46.77829 -54.249058 48.0 -52.0
C4020912.4 9 44.76676 -53.148944 45.583563 -52.0
C4020924.1 9 44.766635 -52.0 46.892448 -48.448982
C4020924.2 9 46.883495 -51.859617 48.0 -48.998856
C4020924.3 9 45.249929 -48.998856 48.0 -45.666652
C4020936.1 9 46.033278 -46.444374 48.0 -44.0
C4020948.1 9 46.033278 -44.0 49.133259 -42.965439
C4021044.1 9 44.0 -10.833356 44.999996 -8.0
C4021056.2 9 44.0 -8.0 45.248877 -4.0
C4021056.3 9 45.507272 -6.000336 46.83167 -4.0
C4021068.1 9 45.507272 -4.0 47.890518 -0.909987
C4021068.3 9 46.83167 -8.0 48.0 -3.05449
C4140000.2 9 50.832487 0.948684 51.894273 3.372671
C4140000.3 9 51.018775 2.467018 52.0 4.0
C4140000.4 9 51.246869 -1.756313 52.0 1.084855
C4140000.5 9 50.833327 2.247898 51.146348 4.0
C4140000.6 9 51.809452 1.084855 52.0 2.467018
C4140408.1 9 46.500004 138.249971 48.833342 139.999998
C4140420.1 9 50.083335 140.083312 51.999999 142.58335
C4140420.3 9 48.416896 139.999998 50.633639 142.384495
C4140420.4 9 49.749976 142.666664 51.999999 145.666653
C4140420.5 9 47.999999 142.416661 49.234691 143.833308
C4140432.2 9 48.0 144.000001 50.068821 146.038118
C4140444.1 9 50.250245 149.166641 51.999999 155.999998
C4140456.2 9 49.599926 153.416645 50.250245 155.999998
C4140468.1 9 49.599926 155.999998 51.999999 161.500143
C4140516.1 9 51.327579 172.000002 52.0 175.739439
C4140516.2 9 51.096424 175.666683 52.0 176.000002
C4140528.3 9 50.612238 179.666681 50.817239 179.999998
C4140552.1 9 50.882097 -175.667294 52.0 -172.000002
C4140552.2 9 51.221283 -176.000002 52.368925 -175.667294
C4140672.1 9 50.749767 -134.00168 52.0 -128.000001
C4140684.1 9 48.0 -130.118014 50.749767 -128.000001
C4140696A.1 9 48.0 -128.000001 51.33315 -126.000001
C4140696C.1 9 48.892456 -126.000001 51.33315 -124.000001
C4140696D.2 9 48.0 -126.000001 48.924748 -124.000001
C4140696D.3 9 48.469339 -124.803846 49.335767 -124.000001
C4140708.1 9 49.058216 -124.000001 51.333161 -122.334692
C4140708.2 9 48.097134 -124.000001 49.341427 -122.265478
C4140708.3 9 48.0 -123.467339 48.333132 -122.151218
C4140708.4 9 47.667898 -124.000001 48.469346 -123.668026
C4140792.1 9 46.000002 -92.366645 49.222218 -84.200016
C4140864.1 9 48.200038 -69.474449 49.407695 -68.000001
C4140876.1 9 48.833406 -67.449394 50.49039 -64.000001
C4140876.2 9 48.0 -66.099337 48.944439 -64.000001
C4140876.3 9 48.200038 -68.000001 49.550014 -66.474465
C4140888.1 9 48.833406 -63.700008 50.666659 -60.000001
C4140888.2 9 48.0 -64.000001 49.252559 -61.449302
C4140888.4 9 48.944439 -64.000001 50.371864 -63.082567
C4140900.1 9 48.416708 -60.000001 51.499993 -56.532479
C4140900.2 9 50.167351 -56.866469 51.414075 -56.000001
C4140900.4 9 51.349841 -56.498971 52.0 -56.000001
C4140912.1 9 50.500002 -56.000001 52.985692 -52.0
C4140912.4 9 50.167351 -56.000001 51.666688 -54.700725
C4140924.1 9 48.699865 -52.0 50.866566 -48.598948
C4140924.2 9 48.0 -51.96637 49.083305 -48.500008
C4140924.4 9 48.0 -54.249058 49.733273 -50.849043
C4140924.5 9 48.0 -48.998856 48.366604 -46.183261
C4140936.1 9 48.0 -46.482094 49.133259 -44.0
C4141032.1 9 51.366694 -16.0 54.435404 -12.0
C4141032.2 9 48.603435 -13.462791 51.559466 -12.0
C4141044.1 9 48.333322 -12.0 51.559466 -8.0
C4141044.2 9 51.529443 -12.0 52.0 -9.035233
C4141044.3 9 51.559466 -9.403037 52.0 -7.533318
C4141056.1 9 49.156695 -8.0 51.559466 -4.866957
C4141056.2 9 48.0 -8.0 49.156695 -4.0
C4141056.3 9 49.156695 -6.727459 50.696946 -4.0
C4141056.4 9 51.149985 -7.533318 52.0 -4.0
C4141056.5 9 50.3735 -4.866957 51.149985 -4.0
C4141068.1 9 48.0 -4.0 51.246869 1.865202
C4141068.3 9 51.149985 -4.0 51.706455 -2.532387
C4260000.2 9 52.0 1.084855 53.605497 4.0
C4260000.6 9 55.666687 0.0 57.085342 2.998825
C4260000.7 9 54.999329 2.998825 57.199093 9.165362
C4260012.1 9 53.416665 4.0 54.999329 8.0
C4260012.3 9 52.0 4.769482 53.532475 8.0
C4260012.4 9 52.0 4.0 53.12058 4.883314
C4260012.5 9 52.887025 4.373114 53.641437 5.99881
C4260012.6 9 53.110099 4.0 53.416665 4.796643
C4260024.1 9 53.865692 9.415488 55.807249 13.498741
C4260024.2 9 53.518881 8.0 55.916678 9.333333
C4260024.3 9 53.00027 8.0 55.666687 10.166659
C4260024.5 9 55.70003 10.000031 56.000001 13.08333
C4260048.1 9 53.58335 13.08333 57.000019 20.0
C4260408.1 9 53.679686 139.166676 54.999985 140.000001
C4260420.1 9 53.21666 140.000001 54.999985 143.666683
C4260420.2 9 52.250024 142.499978 54.897608 144.000001
C4260432.1 9 52.250024 144.000001 54.999985 145.500024
C4260444.1 9 51.999999 149.166641 53.416664 151.999998
C4260444.2 9 53.283328 151.900021 57.183345 156.916882
C4260456.2 9 51.999999 151.999998 53.283328 161.500143
C4260480.1 9 52.266564 159.999998 55.733343 166.33359
C4260492.2 9 54.31674 163.999998 55.999999 171.499562
C4260504.2 9 51.999999 171.080306 53.527345 176.000002
C4260528.2 9 50.61477 179.379506 52.847997 179.999998
C4260540.1 9 50.61477 -180 52.847997 -176.000002
C4260552.1 9 52.0 -176.000002 53.115402 -171.069079
C4260576.1 9 53.265801 -166.863204 55.499135 -164.000001
C4260576.2 9 52.132398 -171.418633 54.332441 -166.334998
C4260588.1 9 53.499162 -162.765974 55.863227 -160.000001
C4260588.2 9 53.50009 -164.000001 55.499135 -162.083041
C4260600.1 9 53.499162 -160.000001 55.999187 -158.918747
C4260612.1 9 55.552674 -156.000001 56.000001 -152.129703
C4260672B.1 9 54.0 -135.000016 56.000001 -134.000001
C4260672C.1 9 54.0 -134.000001 55.84649 -132.650829
C4260672C.2 9 54.0 -132.753614 56.000001 -130.000001
C4260672C.3 9 55.783635 -134.000001 56.000001 -132.073428
C4260672D.1 9 52.0 -134.000001 54.0 -132.000001
C4260684A.1 9 52.204757 -132.000001 53.873041 -130.000001
C4260684A.2 9 52.0 -132.000001 52.857214 -130.000001
C4260684A.3 9 53.559523 -132.000001 54.0 -130.000001
C4260684C.1 9 52.0 -130.000001 55.016358 -128.000001
C4260696.1 9 50.749752 -128.000001 54.009603 -127.501641
C4260900.1 9 54.499979 -60.000001 58.00003 -56.000001
C4260900.2 9 52.499911 -57.998932 54.5001 -56.000001
C4260900.3 9 52.0 -56.500008 52.980623 -56.000001
C4260912.1 9 52.500038 -56.000001 55.4999 -52.0
C4261032.2 9 54.435404 -15.166674 57.049982 -12.0
C4261044.1 9 52.0 -12.0 54.435404 -8.344305
C4261044.2 9 54.223265 -12.0 56.000001 -8.0
C4261056.2 9 54.999806 -8.0 56.000001 -4.268254
C4261056.4 9 54.583732 -8.0 55.225778 -6.500588
C4261068.1 9 52.0 -2.166659 55.666687 3.166674
C4261068.2 9 52.0 -7.533318 55.717306 -2.532387
C4380000.1 9 57.084402 0.0 60.000001 3.53344
C4380012.3 9 58.799098 1.232136 61.866566 5.83151
C4380012.4 9 59.314387 5.775784 60.000001 8.0
C4380024.1 9 57.083337 8.065858 59.166641 12.0
C4380024.2 9 56.000001 10.000031 57.139195 12.0
C4380024.3 9 59.116599 10.191684 59.922008 11.208179
C4380024.4 9 56.000001 8.30811 57.122922 9.25063
C4380024.6 9 57.199093 4.0 59.333332 8.084291
C4380036.2 9 56.000001 12.0 58.00003 13.08333
C4380048.1 9 56.71668 16.16669 59.816301 20.0
C4380444.1 9 57.000206 147.999998 59.767037 151.999998
C4380456.1 9 57.183345 153.833339 59.616654 155.999998
C4380456.3 9 57.183345 151.999998 59.616887 154.201752
C4380480.1 9 55.999999 161.666649 58.000029 171.499562
C4380480.3 9 57.000206 155.999998 59.616654 160.583686
C4380492.3 9 58.000029 162.083342 59.999999 167.999997
C4380504.2 9 58.833312 164.500005 59.999999 170.666664
C4380504.3 9 57.166779 170.19986 59.000023 173.999784
C4380504.5 9 58.000029 167.999997 58.853658 170.19986
C4380588.1 9 58.549198 -163.044482 60.000001 -161.044878
C4380600.1 9 56.000001 -157.199971 56.333311 -156.500009
C4380612.1 9 56.000001 -156.000001 58.984518 -152.000001
C4380624.1 9 58.886272 -150.984117 60.000001 -148.212163
C4380624.2 9 56.058383 -152.000001 58.894197 -151.194142
C4380624.3 9 58.835164 -152.000001 60.26892 -150.793501
C4380624.4 9 59.36937 -148.505685 60.000001 -148.000001
C4380648.1 9 57.75007 -146.999986 60.000001 -140.333319
C4380648.2 9 57.665911 -140.40522 60.000001 -136.801771
C4380660.2 9 56.216651 -140.000001 57.866313 -136.000001
C4380660.3 9 57.733327 -137.001725 59.146952 -136.000001
C4380672A.1 9 56.216658 -136.000001 57.866271 -134.025331
C4380672A.2 9 56.000001 -134.368659 57.866659 -132.000001
C4380672A.3 9 57.821733 -136.000001 59.166023 -134.000001
C4380672A.4 9 56.000001 -135.000016 56.183357 -134.191838
C4380672B.2 9 58.380351 -136.000001 59.500027 -134.000001
C4380672C.1 9 58.000001 -134.000001 59.500027 -132.000001
C4380672D.2 9 56.441456 -133.580256 58.000001 -132.000001
C4380672D.3 9 57.85843 -134.000001 58.000001 -133.134448
C4380684.1 9 56.013927 -132.000001 56.621376 -131.503595
C4380864.1 9 58.250018 -70.333349 60.000001 -64.000001
C4380888.1 9 57.500104 -64.000001 61.000134 -60.000001
C4380888.2 9 54.499979 -62.499978 57.779657 -60.000001
C4380924.1 9 58.915162 -51.029344 61.021466 -48.0
C4380960.1 9 58.91665 -40.0 61.000008 -38.333349
C4381044.1 9 56.000001 -9.267659 59.163685 -4.268254
C4381044.2 9 56.000001 -12.0 57.049982 -9.071122
C4381056.2 9 58.477339 -8.0 64.000001 -4.0
C4381068.2 9 57.083337 -3.83331 58.283318 0.0
C4381068.3 9 53.558352 -3.34905 57.084402 0.0
C4500000.1 9 61.220648 0.0 64.000001 4.0
C4500000.4 9 60.000001 0.198611 61.238699 1.232136
C4500012.1 9 61.416521 4.0 63.498915 8.0
C4500012.3 9 60.000001 5.035782 61.238699 7.423636
C4500012.4 9 63.453264 5.182818 64.000001 8.0
C4500024.1 9 63.344163 8.0 64.000001 12.0
C4500048.1 9 59.816301 16.800549 63.766691 20.0
C4500060.1 9 59.999999 20.0 63.167184 22.616678
C4500060.3 9 59.999999 22.616678 60.979797 24.0
C4500072.1 9 59.999999 24.0 60.94889 28.0
C4500084.1 9 59.999999 28.0 61.004425 30.497962
C4500084.2 9 63.749818 31.383352 63.999999 46.716595
C4500480.1 9 60.166657 160.000001 62.73334 164.000001
C4500480.2 9 60.000001 160.001955 60.908522 162.002046
C4500492.1 9 60.000001 164.500009 61.083361 169.999971
C4500492.2 9 60.412171 164.000001 62.73334 165.000139
C4500504.1 9 59.000023 169.999971 62.133364 174.916672
C4500516.2 9 61.233309 173.750028 63.416691 179.999998
C4500528.2 9 59.816706 176.000002 61.233309 179.999998
C4500528.3 9 63.416691 177.333334 66.666648 179.999998
C4500540.1 9 61.566685 -180 66.666648 -173.166951
C4500540.2 9 60.000001 -179.283194 61.99616 -176.000002
C4500552.1 9 60.000001 -176.000002 62.449978 -172.916519
C4500552.3 9 60.833341 -173.166951 63.833327 -169.000017
C4500552.4 9 60.000001 -172.916519 60.833341 -169.666653
C4500564.2 9 60.000001 -169.000017 64.300016 -164.000001
C4500588.1 9 61.783127 -164.000001 64.000001 -161.333884
C4500588.2 9 63.251649 -161.333884 64.000001 -160.500253
C4500588.3 9 60.000001 -163.044482 60.165879 -161.702298
C4500612.1 9 60.205568 -152.760023 61.551676 -152.000001
C4500612.2 9 58.835164 -154.362464 60.269114 -152.000001
C4500624.1 9 60.135351 -152.000001 61.551676 -148.961686
C4500624.2 9 60.000001 -148.645824 61.286158 -148.000001
C4500624.3 9 60.000001 -150.793501 60.186733 -148.449715
C4500636.1 9 59.36937 -148.000001 61.286158 -145.610377
C4500636.2 9 60.000001 -145.610377 60.866643 -140.000001
C4500864.1 9 60.000001 -70.333349 62.91664 -68.000001
C4500864.2 9 61.329423 -68.973709 63.995947 -68.000001
C4500876.1 9 61.32961 -68.000001 63.995947 -64.000001
C4500876.2 9 60.000001 -68.000001 62.038687 -64.000001
C4500888.1 9 61.329423 -64.000001 63.995947 -62.430397
C4500900.1 9 57.779657 -60.000001 61.000134 -57.999115
C4500900.2 9 63.332009 -57.245564 64.000001 -52.0
C4500912.1 9 60.998556 -55.412528 63.35018 -52.0
C4500924.1 9 60.998556 -52.0 63.431955 -48.0
C4500924.3 9 63.334756 -52.0 65.748798 -48.99556
C4500936.1 9 58.915936 -48.0 61.331859 -44.0
C4500948.2 9 58.91665 -44.0 61.333359 -40.0
C4500948.3 9 61.000008 -41.713222 63.292354 -40.0
C4500960.1 9 61.000008 -40.0 63.666643 -36.500008
C4500960.3 9 63.29171 -40.0 64.000001 -37.99997
C4500960.4 9 63.500019 -38.088716 64.000001 -33.000016
C4500996.1 9 63.033325 -25.266682 64.000001 -19.249989
C4501032.1 9 62.499989 -19.249989 64.000001 -13.166644
C4501044.2 9 60.000001 -8.695689 61.000008 -8.0
C4501068.1 9 60.97784 -4.0 64.166639 0.0
C4501068.2 9 58.283318 -4.0 61.220648 0.0
C4620012.1 9 64.000001 5.082231 65.604458 8.0
C4620012.2 9 65.370018 5.497215 67.091799 8.0
C4620024A.1 9 64.000001 8.0 65.562941 10.0
C4620024A.2 9 65.534352 8.0 67.366803 10.0
C4620024B.2 9 67.366803 9.163073 68.000001 10.0
C4620024C.1 9 65.562941 10.0 67.366803 12.0
C4620024C.2 9 67.345711 10.0 68.000001 12.0
C4620024D.1 9 64.000001 10.0 65.59141 12.0
C4620036A.1 9 66.9328 14.0 68.000001 17.829862
C4620036A.2 9 65.083134 12.0 67.366803 14.749462
C4620036B.1 9 63.344163 12.0 65.600544 12.915053
C4620036B.2 9 67.366502 12.0 68.000001 14.0
C4620060.1 9 63.167185 18.999985 66.250174 25.415732
C4620096.1 9 64.000001 32.0 68.000001 46.716595
C4620528.4 9 67.749798 176.166691 71.083485 179.999998
C4620552.1 9 65.4168 -175.93335 68.000001 -169.833342
C4620564.1 9 64.300016 -169.833342 68.000001 -164.000001
C4620588.1 9 64.000001 -164.000001 65.117398 -160.500253
C4620732.1 9 67.452126 -116.000001 68.898134 -112.000001
C4620864.2 9 67.416458 -70.749982 71.050023 -64.000001
C4620876.1 9 64.000001 -68.000001 67.434356 -64.000001
C4620888.1 9 64.000001 -64.000001 67.444339 -60.000001
C4620888.2 9 67.416458 -64.000001 68.000001 -59.114428
C4620900.1 9 64.000001 -60.000001 67.416458 -57.245564
C4620900.2 9 65.582147 -59.161792 67.915616 -56.000001
C4620912.1 9 65.582147 -56.000001 70.361174 -52.0
C4620912.2 9 64.000001 -56.000001 65.748798 -52.0
C4620924.2 9 65.748798 -52.0 68.000001 -49.995148
C4620948.2 9 61.166684 -43.249989 64.666653 -40.0
C4620960.1 9 64.414895 -40.0 66.831703 -32.745495
C4620960.2 9 64.000001 -38.166659 65.666691 -33.000016
C4620984.1 9 66.333325 -34.583353 68.000001 -25.500023
C4620996.1 9 64.699775 -26.466408 67.183132 -24.0
C4620996.3 9 64.000001 -25.266682 64.812857 -24.0
C4621008.1 9 64.720657 -24.0 67.183132 -22.333044
C4621008.2 9 65.533357 -22.550027 67.199982 -16.416694
C4621008.3 9 64.000001 -24.0 64.866698 -20.0
C4621008.4 9 65.133341 -21.500023 65.533357 -20.866652
C4621020.2 9 64.000001 -19.249989 64.333325 -15.166919
C4621020.3 9 65.509675 -16.416694 67.166621 -16.0
C4621032.2 9 63.533004 -15.265797 65.500259 -11.164965
C4621044.1 9 65.500259 -16.0 67.166621 -10.550637
C4740024.1 9 68.000001 9.163104 68.611766 12.0
C4740036.1 9 68.000001 12.0 69.399785 17.829862
C4740084.1 9 69.383903 30.796795 70.408535 32.0
C4740096.1 9 69.233465 32.0 70.408535 35.463736
C4740096.3 9 68.965584 34.580239 70.116858 35.999999
C4740108.1 9 68.514723 35.999999 70.116858 37.996917
C4740108.2 9 68.514854 37.996917 69.433586 40.596932
C4740108.3 9 67.999999 35.999999 68.515248 39.999999
C4740120.1 9 68.497929 42.996627 73.267208 43.999999
C4740120.2 9 67.999999 39.999999 68.514985 43.999999
C4740132.1 9 68.0002 43.999999 71.999999 54.931196
C4740132.2 9 67.999999 43.999999 68.497929 46.716593
C4740156.2 9 68.133553 54.931196 71.999999 61.832792
C4740180.1 9 68.166607 61.595057 72.000001 64.000001
C4740192.1 9 68.16907 64.000001 76.000001 68.000001
C4740204.1 9 68.032306 68.000001 69.999981 72.000001
C4740384.1 9 70.500185 128.166691 72.000001 140.000001
C4740492.2 9 68.766696 167.166676 71.666692 168.000002
C4740504.10 9 69.999981 170.000032 70.916658 170.999986
C4740504.11 9 68.683411 168.000002 69.000005 170.000032
C4740504.13 9 68.684127 170.000032 69.000005 172.000002
C4740504.9 9 69.999981 168.000002 70.917184 169.000017
C4740516.1 9 68.766696 172.000002 71.666692 178.833661
C4740516.3 9 69.000005 168.000002 69.999981 172.770582
C4740540.1 9 67.749798 -180 72.000001 -176.000002
C4740552.1 9 68.000001 -175.93335 69.866673 -169.500024
C4740552.2 9 68.633238 -176.000002 71.083485 -172.000002
C4740564.1 9 68.399936 -169.500024 71.33333 -157.866729
C4740564.3 9 69.866673 -172.000002 71.549983 -168.000002
C4740564.4 9 71.083485 -176.000002 72.000001 -170.332984
C4740564.5 9 71.549983 -170.332984 72.000001 -168.000002
C4740564.6 9 68.000001 -169.833342 68.83332 -168.000002
C4740576.2 9 71.33333 -168.000002 72.000001 -164.000001
C4740576.3 9 68.000001 -168.000002 68.399936 -164.000001
C4740588.2 9 71.153073 -162.833358 72.000001 -160.000001
C4740612.1 9 70.133538 -160.000001 72.000001 -152.000001
C4740624.1 9 69.533424 -152.000001 72.000001 -140.595103
C4740648.2 9 69.033729 -141.466698 72.000001 -140.000001
C4740660.1 9 68.58328 -140.000001 72.000001 -132.916336
C4740672.2 9 69.166645 -133.637538 72.000001 -132.000001
C4740684.1 9 69.166645 -132.000001 71.99408 -128.000001
C4740708.2 9 69.166645 -128.000001 72.000001 -122.366736
C4740720.1 9 68.799936 -123.13335 71.683354 -112.000001
C4740744.1 9 66.383566 -112.000001 69.616651 -104.500436
C4740744.2 9 71.332986 -112.000001 72.000001 -105.300253
C4740756.2 9 69.550008 -105.833342 72.000001 -96.000001
C4740840.1 9 70.833713 -77.500024 72.000001 -68.000001
C4740876.2 9 70.889243 -68.000001 72.000001 -66.999985
C4740912.2 9 70.172988 -56.000001 72.582557 -52.0
C4740924.1 9 68.000001 -52.0 70.41556 -48.99495
C4740972.1 9 68.000001 -34.583353 68.666677 -28.0
C4740996.1 9 68.164675 -28.0 72.120324 -24.0
C4740996.3 9 68.000001 -28.0 68.664919 -25.500023
C4860036.1 9 73.48366 15.330617 75.70003 26.001129
C4860096.1 9 72.833304 32.0 79.000448 35.999999
C4860108.1 9 72.833304 35.999999 75.999999 39.999999
C4860120.1 9 72.833633 39.999999 75.933936 43.999999
C4860132.1 9 71.999999 43.999999 75.933936 51.999999
C4860156.1 9 73.99997 51.999999 75.999999 55.999999
C4860156.2 9 71.999999 51.999999 73.267208 54.931196
C4860156.3 9 72.833633 51.999999 73.99997 54.999984
C4860156.4 9 72.017599 54.999984 73.99997 55.999999
C4860168.1 9 72.000001 56.000001 75.000022 64.000001
C4860168.2 9 74.499779 56.000001 76.000001 60.000001
C4860180.3 9 75.000022 60.000001 76.000001 64.000001
C4860204.1 9 72.000001 68.000001 75.000022 71.001145
C4860204.2 9 75.000022 68.000001 76.000001 70.665508
C4860228.1 9 73.999972 79.034532 75.000022 81.99997
C4860240.10 9 73.302931 79.035325 73.999972 81.000016
C4860240.11 9 73.474166 82.000031 73.999972 84.000001
C4860240.1 9 75.000022 82.000031 76.000001 85.000016
C4860240.2 9 75.000022 80.000001 76.000001 81.99997
C4860240.9 9 72.999977 81.000016 73.999972 81.99997
C4860252.10 9 73.522279 85.000016 73.999972 85.99997
C4860252.12 9 73.730097 86.999986 76.000001 88.000001
C4860252.3 9 73.623748 86.000031 76.000001 86.999986
C4860252.4 9 75.000079 85.000016 76.000001 85.99997
C4860252.6 9 73.999972 82.000031 75.000022 85.99997
C4860252.9 9 73.516281 84.000001 73.999972 85.000016
C4860264.1 9 75.000022 88.000001 76.000001 89.99997
C4860264.4 9 75.000079 90.000031 76.000001 92.000001
C4860276.1 9 75.586168 92.000001 76.000001 92.999955
C4860324.1 9 73.235587 110.33335 76.000001 112.000001
C4860336.1 9 73.000173 112.000001 76.000001 118.019868
C4860348.2 9 72.500017 117.833342 75.166696 131.000535
C4860384.1 9 72.833372 128.333319 75.450017 132.000001
C4860384.2 9 74.633351 128.56666 76.999992 132.000001
C4860384.4 9 72.000001 128.468758 72.68169 129.999971
C4860384.5 9 72.000001 130.000032 72.68169 130.999986
C4860384.6 9 72.000001 130.999986 72.680232 132.000001
C4860396.1 9 72.833372 132.000001 74.914523 136.000001
C4860396.3 9 72.000001 132.000001 72.999977 137.000016
C4860408.1 9 72.833372 136.000001 75.450017 140.000001
C4860408.2 9 74.914523 136.000001 76.999992 140.000001
C4860408.3 9 72.370239 138.833357 74.630343 140.000001
C4860408.4 9 72.000001 137.000016 72.833372 140.000001
C4860588.1 9 72.000001 -162.833358 72.833306 -152.000001
C4860696.1 9 72.000001 -126.215001 73.733339 -116.000001
C4860696.2 9 73.733339 -126.215916 75.174216 -124.000001
C4860696.3 9 75.000022 -126.21085 76.000001 -124.000001
C4860708.2 9 73.733339 -124.000001 75.32564 -120.000001
C4860708.3 9 75.174216 -124.000001 77.566466 -120.000001
C4860720.2 9 73.733339 -120.000001 75.189586 -116.000001
C4860720.3 9 75.000079 -118.852584 77.566466 -116.000001
C4860720.5 9 74.206041 -117.133319 75.372143 -116.000001
C4860732.1 9 73.591837 -116.000001 75.850005 -112.000001
C4860732.2 9 72.000001 -116.000001 73.591649 -105.578638
C4860732.4 9 72.888078 -116.000001 73.733339 -114.41642
C4860744.1 9 73.591837 -112.000001 75.614841 -108.000001
C4860744.3 9 75.418782 -112.000001 78.749989 -108.000001
C4860756.1 9 72.333326 -107.13335 75.233334 -104.000001
C4860756.2 9 74.766853 -108.000001 77.049889 -104.384162
C4860756.4 9 73.591837 -108.000001 74.766853 -105.300253
C4860756.6 9 72.000001 -105.833342 72.333326 -97.055071
C4860756.7 9 74.766853 -104.383308 76.000001 -96.299993
C4860768.1 9 72.033124 -104.000001 74.838389 -100.000001
C4860780.1 9 72.000001 -99.041673 74.999907 -96.000001
C4860780.3 9 72.333326 -100.000001 74.887156 -99.042223
C4860780.4 9 74.999907 -97.959076 76.000001 -96.000001
C4860804.1 9 72.233282 -92.000001 75.220961 -88.000001
C4860816.1 9 72.233282 -88.000001 75.428417 -84.00055
C4860816.2 9 74.999907 -88.000001 77.333459 -84.000001
C4860828.1 9 72.233282 -84.000001 75.460247 -80.000001
C4860828.2 9 75.368601 -82.239049 76.000001 -80.000001
C4860828.3 9 75.370681 -84.000001 76.000001 -81.978241
C4860840.1 9 72.233282 -80.000001 75.499981 -76.602915
C4860840.2 9 75.283234 -80.000001 76.000001 -76.000001
C4860864.1 9 72.000001 -77.500024 73.149987 -66.999985
C4860864.2 9 75.549943 -72.000001 77.999949 -64.992264
C4860888.1 9 72.332718 -64.000001 76.749627 -60.000001
C4860900.1 9 72.582223 -60.000001 74.749415 -56.000001
C4860900.3 9 70.165761 -60.000001 72.582557 -56.000001
C4860912.1 9 72.58229 -56.000001 74.749415 -53.743313
C4860924.1 9 70.165761 -52.0 72.582557 -49.994049
C4860984.1 9 69.748013 -29.494713 72.164963 -28.0
C4860996.1 9 72.081467 -27.494194 73.581648 -24.0
C4861008.2 9 73.416643 -22.577127 75.581679 -20.0
C4861008.4 9 68.164675 -24.0 73.581648 -20.0
C4980012.1 9 78.666674 6.996262 79.342613 8.0
C4980012.2 9 78.554385 7.339773 78.666674 8.0
C4980024.1 9 78.651349 8.0 80.000001 12.0
C4980024.2 9 76.765442 8.0 78.666674 12.0
C4980036.1 9 76.230873 12.0 78.666674 16.0
C4980036.2 9 78.600451 12.0 80.000001 16.0
C4980048.1 9 76.240743 16.0 78.666674 17.499596
C4980048.2 9 78.666674 16.0 80.000001 17.496239
C4980108.1 9 75.999999 35.999999 79.000448 43.995361
C4980168.1 9 76.000001 56.000001 77.366683 70.665508
C4980228.1 9 78.000134 78.666667 80.000001 96.332403
C4980240.2 9 76.000072 80.20734 76.999992 87.000352
C4980252.5 9 76.000072 86.999986 76.931158 88.000001
C4980264.2 9 76.000072 88.000001 76.698729 89.000382
C4980264.3 9 76.000072 90.999986 76.698184 92.000367
C4980264.4 9 76.000072 89.000016 76.696547 90.000398
C4980264.5 9 76.000072 89.99997 76.696138 90.999986
C4980264.6 9 76.999992 91.834593 77.750509 93.000016
C4980276.2 9 76.000001 94.000031 76.999992 96.000001
C4980288.2 9 78.166798 96.332403 80.000001 100.000001
C4980288.3 9 78.066732 96.416694 79.078198 100.000001
C4980288.4 9 76.000001 97.000016 76.999992 98.000031
C4980288.6 9 76.999992 96.000001 77.749 97.000016
C4980300.1 9 78.066732 100.000001 79.716654 108.000001
C4980300.3 9 79.078198 100.000001 80.000001 104.000001
C4980312.2 9 76.416457 96.416694 78.066671 108.166691
C4980312.3 9 79.388218 104.000001 80.000001 108.000001
C4980324.1 9 76.000001 108.000001 78.366665 112.000001
C4980324.2 9 78.166798 108.000001 80.000001 119.833067
C4980336.2 9 76.149747 112.216679 78.205986 116.000001
C4980348.2 9 76.416666 116.000001 78.366665 120.000001
C4980348.3 9 76.000001 112.000001 76.416666 117.833342
C4980396.1 9 74.644083 132.000001 76.999992 136.000001
C4980696.1 9 76.000001 -127.700009 77.566466 -124.000001
C4980720.2 9 75.11338 -120.000001 77.566466 -118.852584
C4980732.1 9 75.372143 -116.000001 77.566466 -112.000001
C4980732.2 9 77.049889 -114.16666 78.749989 -112.000001
C4980756.1 9 77.049889 -108.000001 78.749989 -96.000001
C4980756.3 9 76.000001 -104.383308 77.049889 -97.805448
C4980780.3 9 76.000001 -97.927948 77.070458 -96.000001
C4980792.1 9 77.070458 -96.000001 78.749989 -92.000001
C4980792.2 9 71.900199 -96.000001 77.073508 -92.000001
C4980804.1 9 77.073508 -92.000001 78.749989 -90.165195
C4980804.2 9 75.114638 -89.916656 77.333459 -88.000001
C4980804.3 9 74.999907 -92.000001 77.333459 -89.917511
C4980828.1 9 76.000001 -82.249974 77.333459 -77.417137
C4980828.2 9 76.000001 -84.000001 77.333459 -81.833281
C4980840.1 9 76.000001 -79.992249 77.999949 -76.000001
C4980840.2 9 77.999949 -78.499978 79.600484 -76.000001
C4980852.1 9 75.549943 -76.000001 79.600484 -72.000001
C4980864.2 9 77.999949 -72.000001 79.600484 -68.000001
C4980876.3 9 76.000001 -64.992264 76.749627 -64.000001
C4980888.1 9 77.450527 -68.000001 79.600484 -60.99965
C4980900.1 9 74.749356 -60.000001 76.749627 -55.992493
C4981008.1 9 75.331446 -22.492958 77.568763 -20.0
C4981020.1 9 76.000001 -20.0 77.573992 -16.921767
C900852.1 9 -57.000019 -74.841902 -56.000001 -69.000016
C900864.2 9 -56.999956 -69.000016 -56.000001 -62.999985
C900984.1 9 -60.000001 -28.833326 -55.583353 -25.416648
